   0          0.00000000          2.00000000
   1          0.01000000          2.00000000
   2          0.02000000          2.00010000
   3          0.03000000          2.00029900
   4          0.04000000          2.00059601
   5          0.05000000          2.00099005
   6          0.06000000          2.00148015
   7          0.07000000          2.00206535
   8          0.08000000          2.00274469
   9          0.09000000          2.00351725
  10          0.10000000          2.00438208
  11          0.11000000          2.00533825
  12          0.12000000          2.00638487
  13          0.13000000          2.00752102
  14          0.14000000          2.00874581
  15          0.15000000          2.01005835
  16          0.16000000          2.01145777
  17          0.17000000          2.01294319
  18          0.18000000          2.01451376
  19          0.19000000          2.01616862
  20          0.20000000          2.01790694
  21          0.21000000          2.01972787
  22          0.22000000          2.02163059
  23          0.23000000          2.02361428
  24          0.24000000          2.02567814
  25          0.25000000          2.02782136
  26          0.26000000          2.03004315
  27          0.27000000          2.03234271
  28          0.28000000          2.03471929
  29          0.29000000          2.03717209
  30          0.30000000          2.03970037
  31          0.31000000          2.04230337
  32          0.32000000          2.04498034
  33          0.33000000          2.04773053
  34          0.34000000          2.05055323
  35          0.35000000          2.05344769
  36          0.36000000          2.05641322
  37          0.37000000          2.05944909
  38          0.38000000          2.06255460
  39          0.39000000          2.06572905
  40          0.40000000          2.06897176
  41          0.41000000          2.07228204
  42          0.42000000          2.07565922
  43          0.43000000          2.07910263
  44          0.44000000          2.08261160
  45          0.45000000          2.08618549
  46          0.46000000          2.08982363
  47          0.47000000          2.09352539
  48          0.48000000          2.09729014
  49          0.49000000          2.10111724
  50          0.50000000          2.10500607
  51          0.51000000          2.10895601
  52          0.52000000          2.11296645
  53          0.53000000          2.11703678
  54          0.54000000          2.12116641
  55          0.55000000          2.12535475
  56          0.56000000          2.12960120
  57          0.57000000          2.13390519
  58          0.58000000          2.13826614
  59          0.59000000          2.14268348
  60          0.60000000          2.14715664
  61          0.61000000          2.15168508
  62          0.62000000          2.15626823
  63          0.63000000          2.16090554
  64          0.64000000          2.16559649
  65          0.65000000          2.17034052
  66          0.66000000          2.17513712
  67          0.67000000          2.17998575
  68          0.68000000          2.18488589
  69          0.69000000          2.18983703
  70          0.70000000          2.19483866
  71          0.71000000          2.19989027
  72          0.72000000          2.20499137
  73          0.73000000          2.21014146
  74          0.74000000          2.21534004
  75          0.75000000          2.22058664
  76          0.76000000          2.22588078
  77          0.77000000          2.23122197
  78          0.78000000          2.23660975
  79          0.79000000          2.24204365
  80          0.80000000          2.24752321
  81          0.81000000          2.25304798
  82          0.82000000          2.25861750
  83          0.83000000          2.26423133
  84          0.84000000          2.26988901
  85          0.85000000          2.27559012
  86          0.86000000          2.28133422
  87          0.87000000          2.28712088
  88          0.88000000          2.29294967
  89          0.89000000          2.29882017
  90          0.90000000          2.30473197
  91          0.91000000          2.31068465
  92          0.92000000          2.31667781
  93          0.93000000          2.32271103
  94          0.94000000          2.32878392
  95          0.95000000          2.33489608
  96          0.96000000          2.34104712
  97          0.97000000          2.34723665
  98          0.98000000          2.35346428
  99          0.99000000          2.35972964
 100          1.00000000          2.36603234
