   0          0.00000000          0.00000000
   1          0.01000000          0.01000000
   2          0.02000000          0.02000100
   3          0.03000000          0.03000500
   4          0.04000000          0.04001400
   5          0.05000000          0.05003001
   6          0.06000000          0.06005504
   7          0.07000000          0.07009111
   8          0.08000000          0.08014024
   9          0.09000000          0.09020446
  10          0.10000000          0.10028583
  11          0.11000000          0.11038640
  12          0.12000000          0.12050826
  13          0.13000000          0.13065348
  14          0.14000000          0.14082418
  15          0.15000000          0.15102250
  16          0.16000000          0.16125057
  17          0.17000000          0.17151059
  18          0.18000000          0.18180475
  19          0.19000000          0.19213528
  20          0.20000000          0.20250444
  21          0.21000000          0.21291452
  22          0.22000000          0.22336785
  23          0.23000000          0.23386678
  24          0.24000000          0.24441371
  25          0.25000000          0.25501109
  26          0.26000000          0.26566140
  27          0.27000000          0.27636716
  28          0.28000000          0.28713095
  29          0.29000000          0.29795539
  30          0.30000000          0.30884317
  31          0.31000000          0.31979701
  32          0.32000000          0.33081971
  33          0.33000000          0.34191412
  34          0.34000000          0.35308318
  35          0.35000000          0.36432985
  36          0.36000000          0.37565722
  37          0.37000000          0.38706840
  38          0.38000000          0.39856662
  39          0.39000000          0.41015517
  40          0.40000000          0.42183745
  41          0.41000000          0.43361691
  42          0.42000000          0.44549715
  43          0.43000000          0.45748183
  44          0.44000000          0.46957472
  45          0.45000000          0.48177973
  46          0.46000000          0.49410085
  47          0.47000000          0.50654220
  48          0.48000000          0.51910805
  49          0.49000000          0.53180278
  50          0.50000000          0.54463093
  51          0.51000000          0.55759715
  52          0.52000000          0.57070630
  53          0.53000000          0.58396336
  54          0.54000000          0.59737349
  55          0.55000000          0.61094204
  56          0.56000000          0.62467454
  57          0.57000000          0.63857672
  58          0.58000000          0.65265453
  59          0.59000000          0.66691411
  60          0.60000000          0.68136185
  61          0.61000000          0.69600439
  62          0.62000000          0.71084861
  63          0.63000000          0.72590167
  64          0.64000000          0.74117100
  65          0.65000000          0.75666434
  66          0.66000000          0.77238975
  67          0.67000000          0.78835561
  68          0.68000000          0.80457066
  69          0.69000000          0.82104400
  70          0.70000000          0.83778513
  71          0.71000000          0.85480397
  72          0.72000000          0.87211087
  73          0.73000000          0.88971664
  74          0.74000000          0.90763260
  75          0.75000000          0.92587057
  76          0.76000000          0.94444293
  77          0.77000000          0.96336266
  78          0.78000000          0.98264333
  79          0.79000000          1.00229921
  80          0.80000000          1.02234525
  81          0.81000000          1.04279715
  82          0.82000000          1.06367141
  83          0.83000000          1.08498537
  84          0.84000000          1.10675731
  85          0.85000000          1.12900642
  86          0.86000000          1.15175298
  87          0.87000000          1.17501833
  88          0.88000000          1.19882501
  89          0.89000000          1.22319682
  90          0.90000000          1.24815893
  91          0.91000000          1.27373793
  92          0.92000000          1.29996202
  93          0.93000000          1.32686103
  94          0.94000000          1.35446663
  95          0.95000000          1.38281243
  96          0.96000000          1.41193413
  97          0.97000000          1.44186971
  98          0.98000000          1.47265960
  99          0.99000000          1.50434686
 100          1.00000000          1.53697745
