   0          0.00000000          0.00000000          0.00000000
   1          0.00500000         -0.15875000          0.00000000
   2          0.01000000         -0.25087463         -0.00079375
   3          0.01500000         -0.28681338         -0.00204812
   4          0.02000000         -0.27535659         -0.00348219
   5          0.02500000         -0.22524643         -0.00485897
   6          0.03000000         -0.14592782         -0.00598521
   7          0.03500000         -0.04768748         -0.00671484
   8          0.04000000          0.05863514         -0.00695328
   9          0.04500000          0.16221282         -0.00666011
  10          0.05000000          0.25293955         -0.00584904
  11          0.05500000          0.32216791         -0.00458434
  12          0.06000000          0.36337501         -0.00297350
  13          0.06500000          0.37267600         -0.00115663
  14          0.07000000          0.34912519          0.00070675
  15          0.07500000          0.29476921          0.00245238
  16          0.08000000          0.21444194          0.00392622
  17          0.08500000          0.11531630          0.00499843
  18          0.09000000          0.00625110          0.00557501
  19          0.09500000         -0.10300974          0.00560627
  20          0.10000000         -0.20271437          0.00509122
  21          0.10500000         -0.28397836          0.00407765
  22          0.11000000         -0.33958021          0.00265776
  23          0.11500000         -0.36460579          0.00095986
  24          0.12000000         -0.35688456         -0.00086317
  25          0.12500000         -0.31717871         -0.00264760
  26          0.13000000         -0.24910896         -0.00423349
  27          0.13500000         -0.15882431         -0.00547903
  28          0.14000000         -0.05444578         -0.00627316
  29          0.14500000          0.05466520         -0.00654538
  30          0.15000000          0.15874782         -0.00627206
  31          0.15500000          0.24851656         -0.00547832
  32          0.16000000          0.31599099         -0.00423574
  33          0.16500000          0.35520635         -0.00265578
  34          0.17000000          0.36274159         -0.00087975
  35          0.17500000          0.33801794          0.00093396
  36          0.18000000          0.28334202          0.00262405
  37          0.18500000          0.20369041          0.00404076
  38          0.19000000          0.10625569          0.00505921
  39          0.19500000         -0.00020441          0.00559049
  40          0.20000000         -0.10615579          0.00558947
  41          0.20500000         -0.20214364          0.00505869
  42          0.21000000         -0.27963783          0.00404797
  43          0.21500000         -0.33179246          0.00264978
  44          0.22000000         -0.35405180          0.00099082
  45          0.22500000         -0.34454882         -0.00077944
  46          0.23000000         -0.30426154         -0.00250219
  47          0.23500000         -0.23691403         -0.00402349
  48          0.24000000         -0.14863208         -0.00520806
  49          0.24500000         -0.04738534         -0.00595122
  50          0.25000000          0.05773312         -0.00618815
  51          0.25500000          0.15732470         -0.00589949
  52          0.26000000          0.24252679         -0.00511286
  53          0.26500000          0.30580256         -0.00390023
  54          0.27000000          0.34160845         -0.00237121
  55          0.27500000          0.34688023         -0.00066317
  56          0.28000000          0.32129491          0.00107123
  57          0.28500000          0.26728624          0.00267770
  58          0.29000000          0.18981345          0.00401413
  59          0.29500000          0.09590538          0.00496320
  60          0.30000000         -0.00597816          0.00544273
  61          0.30500000         -0.10670974          0.00541284
  62          0.31000000         -0.19731325          0.00487929
  63          0.31500000         -0.26976500          0.00389272
  64          0.32000000         -0.31770526          0.00254390
  65          0.32500000         -0.33699714          0.00095537
  66          0.33000000         -0.32608368         -0.00072961
  67          0.33500000         -0.28611225         -0.00236003
  68          0.34000000         -0.22081652         -0.00379059
  69          0.34500000         -0.13616801         -0.00489468
  70          0.35000000         -0.03982961         -0.00557552
  71          0.35500000          0.05953871         -0.00577466
  72          0.36000000          0.15305919         -0.00547697
  73          0.36500000          0.23243021         -0.00471168
  74          0.37000000          0.29066387         -0.00354952
  75          0.37500000          0.32270163         -0.00209620
  76          0.38000000          0.32585364         -0.00048270
  77          0.38500000          0.30002375          0.00114657
  78          0.39000000          0.24770134          0.00264669
  79          0.39500000          0.17372225          0.00388520
  80          0.40000000          0.08482179          0.00475381
  81          0.40500000         -0.01097900          0.00517792
  82          0.41000000         -0.10509776          0.00512302
  83          0.41500000         -0.18916044          0.00459753
  84          0.42000000         -0.25574702          0.00365173
  85          0.42500000         -0.29904703          0.00237300
  86          0.43000000         -0.31536669          0.00087776
  87          0.43500000         -0.30344356         -0.00069907
  88          0.44000000         -0.26454195         -0.00221629
  89          0.44500000         -0.20232208         -0.00353900
  90          0.45000000         -0.12249631         -0.00455061
  91          0.45500000         -0.03230475         -0.00516309
  92          0.46000000          0.06014168         -0.00532462
  93          0.46500000          0.14659104         -0.00502391
  94          0.47000000          0.21938732         -0.00429095
  95          0.47500000          0.27214872         -0.00319402
  96          0.48000000          0.30032713         -0.00183327
  97          0.48500000          0.30159971         -0.00033164
  98          0.49000000          0.27605899          0.00117636
  99          0.49500000          0.22618604          0.00255666
 100          0.50000000          0.15661075          0.00368759
 101          0.50500000          0.07368230          0.00447064
 102          0.51000000         -0.01511032          0.00483905
 103          0.51500000         -0.10181490          0.00476350
 104          0.52000000         -0.17872854          0.00425443
 105          0.52500000         -0.23908221          0.00336078
 106          0.53000000         -0.27763660          0.00216537
 107          0.53500000         -0.29113663          0.00077719
 108          0.54000000         -0.27858546         -0.00067849
 109          0.54500000         -0.24131483         -0.00207142
 110          0.55000000         -0.18284721         -0.00327799
 111          0.55500000         -0.10856383         -0.00419223
 112          0.56000000         -0.02520973         -0.00473505
 113          0.56500000          0.05971864         -0.00486110
 114          0.57000000          0.13864761         -0.00456251
 115          0.57500000          0.20460176         -0.00386927
 116          0.58000000          0.25182022         -0.00284626
 117          0.58500000          0.27625960         -0.00158716
 118          0.59000000          0.27593946         -0.00020586
 119          0.59500000          0.25110101          0.00117384
 120          0.60000000          0.20416645          0.00242934
 121          0.60500000          0.13950429          0.00345018
 122          0.61000000          0.06302335          0.00414770
 123          0.61500000         -0.01836701          0.00446281
 124          0.62000000         -0.09738099          0.00437098
 125          0.62500000         -0.16700856          0.00388407
 126          0.63000000         -0.22113730          0.00304903
 127          0.63500000         -0.25508873          0.00194334
 128          0.64000000         -0.26602217          0.00066790
 129          0.64500000         -0.25317125         -0.00066221
 130          0.65000000         -0.21789353         -0.00192807
 131          0.65500000         -0.16353054         -0.00301753
 132          0.66000000         -0.09509228         -0.00383519
 133          0.66500000         -0.01879610         -0.00431065
 134          0.67000000          0.05849783         -0.00440463
 135          0.67500000          0.12990314         -0.00411214
 136          0.68000000          0.18912051         -0.00346262
 137          0.68500000          0.23099311         -0.00251702
 138          0.69000000          0.25195511         -0.00136206
 139          0.69500000          0.25033441         -0.00010228
 140          0.70000000          0.22648398          0.00114939
 141          0.70500000          0.18273163          0.00228181
 142          0.71000000          0.12315448          0.00319547
 143          0.71500000          0.05319970          0.00381124
 144          0.72000000         -0.02081302          0.00407724
 145          0.72500000         -0.09226220          0.00397318
 146          0.73000000         -0.15481661          0.00351186
 147          0.73500000         -0.20299605          0.00273778
 148          0.74000000         -0.23265098          0.00172280
 149          0.74500000         -0.24131921          0.00055955
 150          0.75000000         -0.22842901         -0.00064705
 151          0.75500000         -0.19533203         -0.00178919
 152          0.76000000         -0.14516474         -0.00276585
 153          0.76500000         -0.08255229         -0.00349168
 154          0.77000000         -0.01318276         -0.00390444
 155          0.77500000          0.05670908         -0.00397035
 156          0.78000000          0.12090182         -0.00368681
 157          0.78500000          0.17374075         -0.00308230
 158          0.79000000          0.21063553         -0.00221360
 159          0.79500000          0.22845831         -0.00116042
 160          0.80000000          0.22580793         -0.00001813
 161          0.80500000          0.20311781          0.00111091
 162          0.81000000          0.16259966          0.00212650
 163          0.81500000          0.10802950          0.00293950
 164          0.82000000          0.04439653          0.00347965
 165          0.82500000         -0.02255248          0.00370163
 166          0.83000000         -0.08683176          0.00358887
 167          0.83500000         -0.14275132          0.00315471
 168          0.84000000         -0.18542022          0.00244095
 169          0.84500000         -0.21117374          0.00151385
 170          0.85000000         -0.21788744          0.00045798
 171          0.85500000         -0.20515096         -0.00063145
 172          0.86000000         -0.17428773         -0.00165721
 173          0.86500000         -0.12822025         -0.00252865
 174          0.87000000         -0.07119447         -0.00316975
 175          0.87500000         -0.00838909         -0.00352572
 176          0.88000000          0.05455416         -0.00356767
 177          0.88500000          0.11203686         -0.00329490
 178          0.89000000          0.15900137         -0.00273471
 179          0.89500000          0.19137525         -0.00193970
 180          0.90000000          0.20642377         -0.00098283
 181          0.90500000          0.20297982          0.00004929
 182          0.91000000          0.18153225          0.00106419
 183          0.91500000          0.14416597          0.00197185
 184          0.92000000          0.09436080          0.00269268
 185          0.92500000          0.03666812          0.00316448
 186          0.93000000         -0.02370440          0.00334783
 187          0.93500000         -0.08136245          0.00322930
 188          0.94000000         -0.13120655          0.00282249
 189          0.94500000         -0.16888264          0.00216646
 190          0.95000000         -0.19116178          0.00132205
 191          0.95500000         -0.19621611          0.00036624
 192          0.96000000         -0.18376746         -0.00061484
 193          0.96500000         -0.15509666         -0.00153368
 194          0.97000000         -0.11291417         -0.00230916
 195          0.97500000         -0.06110483         -0.00287374
 196          0.98000000         -0.00437079         -0.00317926
 197          0.98500000          0.05219470         -0.00320111
 198          0.99000000          0.10356408         -0.00294014
 199          0.99500000          0.14522177         -0.00242232
 200          1.00000000          0.17356059         -0.00169621
 201          1.00500000          0.18619341         -0.00082841
 202          1.01000000          0.18215325          0.00010256
 203          1.01500000          0.16196508          0.00101333
 204          1.02000000          0.12758432          0.00182315
 205          1.02500000          0.08220873          0.00246107
 206          1.03000000          0.02998174          0.00287212
 207          1.03500000         -0.02438533          0.00302202
 208          1.04000000         -0.07603779          0.00290010
 209          1.04500000         -0.12041057          0.00251991
 210          1.05000000         -0.15363124          0.00191786
 211          1.05500000         -0.17285731          0.00114970
 212          1.06000000         -0.17651874          0.00028541
 213          1.06500000         -0.16444483         -0.00059718
 214          1.07000000         -0.13786546         -0.00141940
 215          1.07500000         -0.09928785         -0.00210873
 216          1.08000000         -0.05226097         -0.00260517
 217          1.08500000         -0.00104967         -0.00286648
 218          1.09000000          0.04975157         -0.00287172
 219          1.09500000          0.09563032         -0.00262297
 220          1.10000000          0.13255656         -0.00214481
 221          1.10500000          0.15733613         -0.00148203
 222          1.11000000          0.16788635         -0.00069535
 223          1.11500000          0.16341022          0.00014408
 224          1.12000000          0.14445441          0.00096113
 225          1.12500000          0.11284744          0.00168340
 226          1.13000000          0.07152438          0.00224764
 227          1.13500000          0.02425500          0.00260526
 228          1.14000000         -0.02469959          0.00272654
 229          1.14500000         -0.07097059          0.00260304
 230          1.15000000         -0.11047095          0.00224819
 231          1.15500000         -0.13975586          0.00169583
 232          1.16000000         -0.15632263          0.00099705
 233          1.16500000         -0.15882389          0.00021544
 234          1.17000000         -0.14717593         -0.00057868
 235          1.17500000         -0.12255367         -0.00131456
 236          1.18000000         -0.08727388         -0.00192733
 237          1.18500000         -0.04457791         -0.00236370
 238          1.19000000          0.00166545         -0.00258659
 239          1.19500000          0.04731009         -0.00257826
 240          1.20000000          0.08830386         -0.00234171
 241          1.20500000          0.12104780         -0.00190019
 242          1.21000000          0.14271164         -0.00129495
 243          1.21500000          0.15147784         -0.00058139
 244          1.22000000          0.14669322          0.00017600
 245          1.22500000          0.12891561          0.00090946
 246          1.23000000          0.09985244          0.00155404
 247          1.23500000          0.06219770          0.00205330
 248          1.24000000          0.01938287          0.00236429
 249          1.24500000         -0.02473536          0.00246121
 250          1.25000000         -0.06622198          0.00233753
 251          1.25500000         -0.10141426          0.00200642
 252          1.26000000         -0.12724467          0.00149935
 253          1.26500000         -0.14150772          0.00086312
 254          1.27000000         -0.14304768          0.00015559
 255          1.27500000         -0.13185109         -0.00055965
 256          1.28000000         -0.10903684         -0.00121891
 257          1.28500000         -0.07674581         -0.00176409
 258          1.29000000         -0.03794060         -0.00214782
 259          1.29500000          0.00386572         -0.00233752
 260          1.30000000          0.04492724         -0.00231820
 261          1.30500000          0.08160040         -0.00209356
 262          1.31000000          0.11066693         -0.00168556
 263          1.31500000          0.12961573         -0.00113222
 264          1.32000000          0.13685937         -0.00048414
 265          1.32500000          0.13186625          0.00020015
 266          1.33000000          0.11519771          0.00085948
 267          1.33500000          0.08844766          0.00143547
 268          1.34000000          0.05409098          0.00187771
 269          1.34500000          0.01525508          0.00214817
 270          1.35000000         -0.02456434          0.00222444
 271          1.35500000         -0.06181755          0.00210162
 272          1.36000000         -0.09321684          0.00179253
 273          1.36500000         -0.11602626          0.00132645
 274          1.37000000         -0.12829958          0.00074632
 275          1.37500000         -0.12904578          0.00010482
 276          1.38000000         -0.11830803         -0.00054041
 277          1.38500000         -0.09715003         -0.00113195
 278          1.39000000         -0.06755179         -0.00161770
 279          1.39500000         -0.03222493         -0.00195546
 280          1.40000000          0.00563531         -0.00211658
 281          1.40500000          0.04263865         -0.00208841
 282          1.41000000          0.07550303         -0.00187521
 283          1.41500000          0.10134527         -0.00149770
 284          1.42000000          0.11793370         -0.00099097
 285          1.42500000          0.12388031         -0.00040130
 286          1.43000000          0.11875627          0.00021810
 287          1.43500000          0.10312101          0.00081188
 288          1.44000000          0.07846323          0.00132748
 289          1.44500000          0.04705984          0.00171980
 290          1.45000000          0.01176617          0.00195510
 291          1.45500000         -0.02424324          0.00201393
 292          1.46000000         -0.05775983          0.00189271
 293          1.46500000         -0.08582660          0.00160391
 294          1.47000000         -0.10599858          0.00117478
 295          1.47500000         -0.11655547          0.00064479
 296          1.48000000         -0.11664777          0.00006201
 297          1.48500000         -0.10636430         -0.00052123
 298          1.49000000         -0.08671552         -0.00105305
 299          1.49500000         -0.05953524         -0.00148663
 300          1.50000000         -0.02730991         -0.00178430
 301          1.50500000          0.00704836         -0.00192085
 302          1.51000000          0.04046469         -0.00188561
 303          1.51500000          0.06997624         -0.00168329
 304          1.52000000          0.09299460         -0.00133341
 305          1.52500000          0.10753245         -0.00086843
 306          1.53000000          0.11237469         -0.00033077
 307          1.53500000          0.10717945          0.00023110
 308          1.54000000          0.09250043          0.00076700
 309          1.54500000          0.06972951          0.00122950
 310          1.55000000          0.04096537          0.00157815
 311          1.55500000          0.00882044          0.00178298
 312          1.56000000         -0.02381601          0.00182708
 313          1.56500000         -0.05403724          0.00170800
 314          1.57000000         -0.07917768          0.00143781
 315          1.57500000         -0.09704765          0.00104192
 316          1.58000000         -0.10612375          0.00055669
 317          1.58500000         -0.10567830          0.00002607
 318          1.59000000         -0.09583680         -0.00050233
 319          1.59500000         -0.07755911         -0.00098151
 320          1.60000000         -0.05254658         -0.00136930
 321          1.60500000         -0.02308410         -0.00163204
 322          1.61000000          0.00816824         -0.00174746
 323          1.61500000          0.03841506         -0.00170662
 324          1.62000000          0.06497541         -0.00151454
 325          1.62500000          0.08552012         -0.00118966
 326          1.63000000          0.09827575         -0.00076206
 327          1.63500000          0.10217726         -0.00027069
 328          1.64000000          0.09695646          0.00024020
 329          1.64500000          0.08315868          0.00072498
 330          1.65000000          0.06208714          0.00114078
 331          1.65500000          0.03568029          0.00145121
 332          1.66000000          0.00633385          0.00162961
 333          1.66500000         -0.02331622          0.00166128
 334          1.67000000         -0.05063026          0.00154470
 335          1.67500000         -0.07319962          0.00129155
 336          1.68000000         -0.08905877          0.00092555
 337          1.68500000         -0.09685619          0.00048026
 338          1.69000000         -0.09596914         -0.00000402
 339          1.69500000         -0.08655260         -0.00048387
 340          1.70000000         -0.06951873         -0.00091663
 341          1.70500000         -0.04644911         -0.00126422
 342          1.71000000         -0.01944824         -0.00149647
 343          1.71500000          0.00904810         -0.00159371
 344          1.72000000          0.03649237         -0.00154847
 345          1.72500000          0.06045273         -0.00136601
 346          1.73000000          0.07882828         -0.00106375
 347          1.73500000          0.09003300         -0.00066960
 348          1.74000000          0.09313231         -0.00021944
 349          1.74500000          0.08792057          0.00024622
 350          1.75000000          0.07493301          0.00068583
 351          1.75500000          0.05539179          0.00106049
 352          1.76000000          0.03109138          0.00133745
 353          1.76500000          0.00423411          0.00149291
 354          1.77000000         -0.02276923          0.00151408
 355          1.77500000         -0.04751550          0.00140023
 356          1.78000000         -0.06782288          0.00116265
 357          1.78500000         -0.08192296          0.00082354
 358          1.79000000         -0.08861449          0.00041392
 359          1.79500000         -0.08736533         -0.00002915
 360          1.80000000         -0.07835412         -0.00046597
 361          1.80500000         -0.06244833         -0.00085775
 362          1.81000000         -0.04112124         -0.00116999
 363          1.81500000         -0.01631584         -0.00137559
 364          1.82000000          0.00973197         -0.00145717
 365          1.82500000          0.03469465         -0.00140851
 366          1.83000000          0.05636085         -0.00123504
 367          1.83500000          0.07283100         -0.00095324
 368          1.84000000          0.08268366         -0.00058908
 369          1.84500000          0.08509792         -0.00017566
 370          1.85000000          0.07992132          0.00024983
 371          1.85500000          0.06767786          0.00064943
 372          1.86000000          0.04951571          0.00098782
 373          1.86500000          0.02709988          0.00123540
 374          1.87000000          0.00245985          0.00137090
 375          1.87500000         -0.02219396          0.00138320
 376          1.88000000         -0.04466827          0.00127223
 377          1.88500000         -0.06298188          0.00104889
 378          1.89000000         -0.07554006          0.00073398
 379          1.89500000         -0.08127323          0.00035628
 380          1.90000000         -0.07972773         -0.00005009
 381          1.90500000         -0.07110104         -0.00044872
 382          1.91000000         -0.05621890         -0.00080423
 383          1.91500000         -0.03645669         -0.00108532
 384          1.92000000         -0.01361254         -0.00126761
 385          1.92500000          0.01025599         -0.00133567
 386          1.93000000          0.03301709         -0.00128439
 387          1.93500000          0.05265487         -0.00111931
 388          1.94000000          0.06744776         -0.00085603
 389          1.94500000          0.07611916         -0.00051879
 390          1.95000000          0.07794740         -0.00013820
 391          1.95500000          0.07282541          0.00025154
 392          1.96000000          0.06126524          0.00061567
 393          1.96500000          0.04434749          0.00092199
 394          1.97000000          0.02362062          0.00114373
 395          1.97500000          0.00095941          0.00126183
 396          1.98000000         -0.02160442          0.00126663
 397          1.98500000         -0.04206417          0.00115861
 398          1.99000000         -0.05861645          0.00094829
 399          1.99500000         -0.06981997          0.00065521
 400          2.00000000         -0.07472082          0.00030611
 401          2.00500000         -0.07293339         -0.00006750
 402          2.01000000         -0.06467016         -0.00043216
 403          2.01500000         -0.05071799         -0.00075552
 404          2.02000000         -0.03236357         -0.00100911
 405          2.02500000         -0.01127497         -0.00117092
 406          2.03000000          0.01064976         -0.00122730
 407          2.03500000          0.03145325         -0.00117405
 408          2.04000000          0.04929340         -0.00101678
 409          2.04500000          0.06260629         -0.00077032
 410          2.05000000          0.07024315         -0.00045728
 411          2.05500000          0.07156921         -0.00010607
 412          2.06000000          0.06651617          0.00025178
 413          2.06500000          0.05558375          0.00058436
 414          2.07000000          0.03979084          0.00086228
 415          2.07500000          0.02058076          0.00106123
 416          2.08000000         -0.00031049          0.00116413
 417          2.08500000         -0.02101087          0.00116258
 418          2.09000000         -0.03967996          0.00105753
 419          2.09500000         -0.05467242          0.00085913
 420          2.10000000         -0.06468279          0.00058577
 421          2.10500000         -0.06885904          0.00026235
 422          2.11000000         -0.06687480         -0.00008194
 423          2.11500000         -0.05895434         -0.00041632
 424          2.12000000         -0.04584833         -0.00071109
 425          2.12500000         -0.02876303         -0.00094033
 426          2.13000000         -0.00924942         -0.00108415
 427          2.13500000          0.01093739         -0.00113039
 428          2.14000000          0.02999593         -0.00107571
 429          2.14500000          0.04623891         -0.00092573
 430          2.15000000          0.05824252         -0.00069453
 431          2.15500000          0.06497103         -0.00040332
 432          2.16000000          0.06586599         -0.00007846
 433          2.16500000          0.06089226          0.00025087
 434          2.17000000          0.05053715          0.00055533
 435          2.17500000          0.03576305          0.00080801
 436          2.18000000          0.01791825          0.00098683
 437          2.18500000         -0.00138598          0.00107642
 438          2.19000000         -0.02042071          0.00106949
 439          2.19500000         -0.03749408          0.00096739
 440          2.20000000         -0.05110153          0.00077992
 441          2.20500000         -0.06005824          0.00052441
 442          2.21000000         -0.06360216          0.00022412
 443          2.21500000         -0.06145857         -0.00009389
 444          2.22000000         -0.05386092         -0.00040119
 445          2.22500000         -0.04152622         -0.00067049
 446          2.23000000         -0.02558762         -0.00087812
 447          2.23500000         -0.00749048         -0.00100606
 448          2.24000000          0.01113855         -0.00104351
 449          2.24500000          0.02863762         -0.00098782
 450          2.25000000          0.04345779         -0.00084463
 451          2.25500000          0.05430004         -0.00062734
 452          2.26000000          0.06022892         -0.00035584
 453          2.26500000          0.06075317         -0.00005470
 454          2.27000000          0.05586609          0.00024907
 455          2.27500000          0.04604257          0.00052840
 456          2.28000000          0.03219327          0.00075861
 457          2.28500000          0.01558038          0.00091958
 458          2.29000000         -0.00229725          0.00099748
 459          2.29500000         -0.01983923          0.00098599
 460          2.30000000         -0.03548679          0.00088680
 461          2.30500000         -0.04786115          0.00070936
 462          2.31000000         -0.05588490          0.00047006
 463          2.31500000         -0.05887565          0.00019063
 464          2.32000000         -0.05660387         -0.00010375
 465          2.32500000         -0.04931006         -0.00038677
 466          2.33000000         -0.03767985         -0.00063332
 467          2.33500000         -0.02277982         -0.00082171
 468          2.34000000         -0.00595981         -0.00093561
 469          2.34500000          0.01126923         -0.00096541
 470          2.35000000          0.02737089         -0.00090907
 471          2.35500000          0.04092017         -0.00077221
 472          2.36000000          0.05072947         -0.00056761
 473          2.36500000          0.05595260         -0.00031396
 474          2.37000000          0.05615757         -0.00003420
 475          2.37500000          0.05136211          0.00024659
 476          2.38000000          0.04202885          0.00050340
 477          2.38500000          0.02902093          0.00071354
 478          2.39000000          0.01352241          0.00085865
 479          2.39500000         -0.00306947          0.00092626
 480          2.40000000         -0.01927010          0.00091091
 481          2.40500000         -0.03364024          0.00081456
 482          2.41000000         -0.04491379          0.00064636
 483          2.41500000         -0.05210922          0.00042179
 484          2.42000000         -0.05461490          0.00016124
 485          2.42500000         -0.05224094         -0.00011183
 486          2.43000000         -0.04523304         -0.00037303
 487          2.43500000         -0.03424765         -0.00059920
 488          2.44000000         -0.02029057         -0.00077044
 489          2.44500000         -0.00462504         -0.00087189
 490          2.45000000          0.01134250         -0.00089502
 491          2.45500000          0.02618861         -0.00083830
 492          2.46000000          0.03859961         -0.00070736
 493          2.46500000          0.04748771         -0.00051436
 494          2.47000000          0.05208631         -0.00027692
 495          2.47500000          0.05201592         -0.00001649
 496          2.48000000          0.04731525          0.00024359
 497          2.48500000          0.03843487          0.00048016
 498          2.49000000          0.02619428          0.00067234
 499          2.49500000          0.01170635          0.00080331
 500          2.50000000         -0.00372370          0.00086184
 501          2.50500000         -0.01871579          0.00084322
 502          2.51000000         -0.03193838          0.00074964
 503          2.51500000         -0.04222655          0.00058995
 504          2.52000000         -0.04868463          0.00037882
 505          2.52500000         -0.05076400          0.00013540
 506          2.53000000         -0.04830953         -0.00011842
 507          2.53500000         -0.04157077         -0.00035997
 508          2.54000000         -0.03117686         -0.00056783
 509          2.54500000         -0.01807803         -0.00072371
 510          2.55000000         -0.00345881         -0.00081410
 511          2.55500000          0.01136902         -0.00083139
 512          2.56000000          0.02508402         -0.00077455
 513          2.56500000          0.03647277         -0.00064913
 514          2.57000000          0.04453716         -0.00046677
 515          2.57500000          0.04858172         -0.00024408
 516          2.58000000          0.04827355         -0.00000117
 517          2.58500000          0.04366944          0.00024020
 518          2.59000000          0.03520819          0.00045854
 519          2.59500000          0.02366902          0.00063458
 520          2.60000000          0.01009990          0.00075293
 521          2.60500000         -0.00427754          0.00080343
 522          2.61000000         -0.01817790          0.00078204
 523          2.61500000         -0.03036684          0.00069115
 524          2.62000000         -0.03977064          0.00053932
 525          2.62500000         -0.04557065          0.00034046
 526          2.63000000         -0.04727448          0.00011261
 527          2.63500000         -0.04475770         -0.00012376
 528          2.64000000         -0.03827238         -0.00034755
 529          2.64500000         -0.02842223         -0.00053891
 530          2.65000000         -0.01610649         -0.00068102
 531          2.65500000         -0.00243796         -0.00076155
 532          2.66000000          0.01135750         -0.00077374
 533          2.66500000          0.02405082         -0.00071696
 534          2.67000000          0.03451913         -0.00059670
 535          2.67500000          0.04184502         -0.00042411
 536          2.68000000          0.04539688         -0.00021488
 537          2.68500000          0.04488322          0.00001210
 538          2.69000000          0.04037637          0.00023652
 539          2.69500000          0.03230370          0.00043840
 540          2.70000000          0.02140725          0.00059992
 541          2.70500000          0.00867558          0.00070695
 542          2.71000000         -0.00474577          0.00075033
 543          2.71500000         -0.01765734          0.00072660
 544          2.72000000         -0.02891284          0.00063832
 545          2.72500000         -0.03752083          0.00049375
 546          2.73000000         -0.04273204          0.00030615
 547          2.73500000         -0.04410441          0.00009249
 548          2.74000000         -0.04154053         -0.00012803
 549          2.74500000         -0.03529406         -0.00033574
 550          2.75000000         -0.02594489         -0.00051221
 551          2.75500000         -0.01434540         -0.00064193
 552          2.76000000         -0.00154286         -0.00071366
 553          2.76500000          0.01131508         -0.00072137
 554          2.77000000          0.02308318         -0.00066480
 555          2.77500000          0.03272057         -0.00054938
 556          2.78000000          0.03938272         -0.00038578
 557          2.78500000          0.04249539         -0.00018886
 558          2.79000000          0.04180400          0.00002361
 559          2.79500000          0.03739432          0.00023263
 560          2.80000000          0.02968258          0.00041960
 561          2.80500000          0.01937641          0.00056802
 562          2.81000000          0.00740993          0.00066490
 563          2.81500000         -0.00514081          0.00070195
 564          2.82000000         -0.01715457          0.00067624
 565          2.82500000         -0.02756495          0.00059047
 566          2.83000000         -0.03545505          0.00045265
 567          2.83500000         -0.04013814          0.00027537
 568          2.84000000         -0.04121736          0.00007468
 569          2.84500000         -0.03861918         -0.00013141
 570          2.85000000         -0.03259800         -0.00032450
 571          2.85500000         -0.02371139         -0.00048749
 572          2.86000000         -0.01276858         -0.00060605
 573          2.86500000         -0.00075682         -0.00066989
 574          2.87000000          0.01124761         -0.00067368
 575          2.87500000          0.02217576         -0.00061744
 576          2.88000000          0.03106118         -0.00050656
 577          2.88500000          0.03712530         -0.00035125
 578          2.89000000          0.03984558         -0.00016563
 579          2.89500000          0.03900046          0.00003360
 580          2.90000000          0.03468722          0.00022860
 581          2.90500000          0.02731136          0.00040204
 582          2.91000000          0.01754856          0.00053860
 583          2.91500000          0.00628291          0.00062634
 584          2.92000000         -0.00547314          0.00065775
 585          2.92500000         -0.01666967          0.00063039
 586          2.93000000         -0.02631302          0.00054704
 587          2.93500000         -0.03355393          0.00041548
 588          2.94000000         -0.03776224          0.00024771
 589          2.94500000         -0.03858171          0.00005889
 590          2.95000000         -0.03595999         -0.00013401
 591          2.95500000         -0.03015150         -0.00031381
 592          2.96000000         -0.02169290         -0.00046457
 593          2.96500000         -0.01135354         -0.00057304
 594          2.97000000         -0.00006561         -0.00062980
 595          2.97500000          0.01115990         -0.00063013
 596          2.98000000          0.02132365         -0.00057433
 597          2.98500000          0.02952691         -0.00046771
 598          2.99000000          0.03505093         -0.00032008
 599          2.99500000          0.03741989         -0.00014482
 600          3.00000000          0.03644179          0.00004227
 601          3.00500000          0.03222383          0.00022448
 602          3.01000000          0.02516108          0.00038560
 603          3.01500000          0.01589959          0.00051141
 604          3.02000000          0.00527731          0.00059091
 605          3.02500000         -0.00575160          0.00061729
 606          3.03000000         -0.01620248          0.00058853
 607          3.03500000         -0.02514802          0.00050752
 608          3.04000000         -0.03180047          0.00038178
 609          3.04500000         -0.03558099          0.00022278
 610          3.05000000         -0.03616992          0.00004487
 611          3.05500000         -0.03353372         -0.00013597
 612          3.06000000         -0.02792625         -0.00030364
 613          3.06500000         -0.01986450         -0.00044327
 614          3.07000000         -0.01008094         -0.00054260
 615          3.07500000          0.00054291         -0.00059300
 616          3.08000000          0.01105591         -0.00059029
 617          3.08500000          0.02052239         -0.00053501
 618          3.09000000          0.02810537         -0.00043240
 619          3.09500000          0.03314051         -0.00029187
 620          3.10000000          0.03519428         -0.00012617
 621          3.10500000          0.03410120          0.00004980
 622          3.11000000          0.02997700          0.00022031
 623          3.11500000          0.02320669          0.00037020
 624          3.12000000          0.01440868          0.00048623
 625          3.12500000          0.00437838          0.00055827
 626          3.13000000         -0.00598368          0.00058016
 627          3.13500000         -0.01575266          0.00055025
 628          3.14000000         -0.02406189          0.00047148
 629          3.14500000         -0.03017974          0.00035117
 630          3.15000000         -0.03357398          0.00020027
 631          3.15500000         -0.03395799          0.00003240
 632          3.16000000         -0.03131493         -0.00013738
 633          3.16500000         -0.02589764         -0.00029396
 634          3.17000000         -0.01820459         -0.00042345
 635          3.17500000         -0.00893408         -0.00051447
 636          3.18000000          0.00107914         -0.00055914
 637          3.18500000          0.01093892         -0.00055375
 638          3.19000000          0.01976791         -0.00049905
 639          3.19500000          0.02678561         -0.00040021
 640          3.20000000          0.03137727         -0.00026628
 641          3.20500000          0.03314771         -0.00010940
 642          3.21000000          0.03195532          0.00005634
 643          3.21500000          0.02792312          0.00021612
 644          3.22000000          0.02142640          0.00035573
 645          3.22500000          0.01305782          0.00046287
 646          3.23000000          0.00357340          0.00052816
 647          3.23500000         -0.00617575          0.00054602
 648          3.24000000         -0.01531974          0.00051514
 649          3.24500000         -0.02304747          0.00043854
 650          3.25000000         -0.02867859          0.00032331
 651          3.25500000         -0.03172329          0.00017991
 652          3.26000000         -0.03192490          0.00002130
 653          3.26500000         -0.02928141         -0.00013833
 654          3.27000000         -0.02404425         -0.00028473
 655          3.27500000         -0.01669444         -0.00040496
 656          3.28000000         -0.00789848         -0.00048843
 657          3.28500000          0.00155203         -0.00052792
 658          3.29000000          0.01081161         -0.00052016
 659          3.29500000          0.01905652         -0.00046610
 660          3.30000000          0.02555795         -0.00037082
 661          3.30500000          0.02974646         -0.00024303
 662          3.31000000          0.03126176         -0.00009430
 663          3.31500000          0.02998369          0.00006201
 664          3.32000000          0.02604157          0.00021193
 665          3.32500000          0.01980127          0.00034214
 666          3.33000000          0.01183137          0.00044114
 667          3.33500000          0.00285136          0.00050030
 668          3.34000000         -0.00633325          0.00051456
 669          3.34500000         -0.01490317          0.00048289
 670          3.35000000         -0.02209835          0.00040838
 671          3.35500000         -0.02728538          0.00029788
 672          3.36000000         -0.03001320          0.00016146
 673          3.36500000         -0.03005225          0.00001139
 674          3.37000000         -0.02741377         -0.00013887
 675          3.37500000         -0.02234740         -0.00027594
 676          3.38000000         -0.01531772         -0.00038768
 677          3.38500000         -0.00696163         -0.00046426
 678          3.39000000          0.00196926         -0.00049907
 679          3.39500000          0.01067623         -0.00048923
 680          3.40000000          0.01838485         -0.00043584
 681          3.40500000          0.02441380         -0.00034392
 682          3.41000000          0.02823509         -0.00022185
 683          3.41500000          0.02952023         -0.00008068
 684          3.42000000          0.02816843          0.00006693
 685          3.42500000          0.02431433          0.00020777
 686          3.43000000          0.01831474          0.00032934
 687          3.43500000          0.01071569          0.00042091
 688          3.44000000          0.00220274          0.00047449
 689          3.44500000         -0.00646081          0.00048550
 690          3.45000000         -0.01450235          0.00045320
 691          3.45500000         -0.02120881          0.00038069
 692          3.46000000         -0.02598986          0.00027464
 693          3.46500000         -0.02842986          0.00014470
 694          3.47000000         -0.02832389          0.00000255
 695          3.47500000         -0.02569498         -0.00013907
 696          3.48000000         -0.02079074         -0.00026755
 697          3.48500000         -0.01406017         -0.00037150
 698          3.49000000         -0.00611260         -0.00044180
 699          3.49500000          0.00233749         -0.00047237
 700          3.50000000          0.01053462         -0.00046068
 701          3.50500000          0.01774984         -0.00040801
 702          3.51000000          0.02334552         -0.00031926
 703          3.51500000          0.02683170         -0.00020253
 704          3.52000000          0.02790888         -0.00006837
 705          3.52500000          0.02649379          0.00007117
 706          3.53000000          0.02272559          0.00020364
 707          3.53500000          0.01695234          0.00031727
 708          3.54000000          0.00969891          0.00040203
 709          3.54500000          0.00161928          0.00045053
 710          3.55000000         -0.00656239          0.00045862
 711          3.55500000         -0.01411665          0.00042581
 712          3.56000000         -0.02037374          0.00035523
 713          3.56500000         -0.02478294          0.00025336
 714          3.57000000         -0.02696104          0.00012945
 715          3.57500000         -0.02672559         -0.00000536
 716          3.58000000         -0.02411009         -0.00013899
 717          3.58500000         -0.01935991         -0.00025954
 718          3.59000000         -0.01290934         -0.00035634
 719          3.59500000         -0.00534188         -0.00042088
 720          3.60000000          0.00266247         -0.00044759
 721          3.60500000          0.01038830         -0.00043428
 722          3.61000000          0.01714871         -0.00038234
 723          3.61500000          0.02234633         -0.00029660
 724          3.62000000          0.02552612         -0.00018486
 725          3.62500000          0.02641514         -0.00005723
 726          3.63000000          0.02494592          0.00007484
 727          3.63500000          0.02126146          0.00019957
 728          3.64000000          0.01570137          0.00030588
 729          3.64500000          0.00877063          0.00038439
 730          3.65000000          0.00109377          0.00042824
 731          3.65500000         -0.00664141          0.00043371
 732          3.66000000         -0.01374543          0.00040050
 733          3.66500000         -0.01958854          0.00033177
 734          3.67000000         -0.02365652          0.00023383
 735          3.67500000         -0.02559593          0.00011555
 736          3.68000000         -0.02524477         -0.00001243
 737          3.68500000         -0.02264592         -0.00013866
 738          3.69000000         -0.01804232         -0.00025189
 739          3.69500000         -0.01185428         -0.00034210
 740          3.70000000         -0.00464115         -0.00040137
 741          3.70500000          0.00294920         -0.00042457
 742          3.71000000          0.01023855         -0.00040983
 743          3.71500000          0.01657893         -0.00035864
 744          3.72000000          0.02141017         -0.00027574
 745          3.72500000          0.02430936         -0.00016869
 746          3.73000000          0.02502787         -0.00004714
 747          3.73500000          0.02351258          0.00007800
 748          3.74000000          0.01990969          0.00019556
 749          3.74500000          0.01455065          0.00029511
 750          3.75000000          0.00792173          0.00036786
 751          3.75500000          0.00061992          0.00040747
 752          3.76000000         -0.00670081          0.00041057
 753          3.76500000         -0.01338805          0.00037707
 754          3.77000000         -0.01884909          0.00031013
 755          3.77500000         -0.02260342          0.00021588
 756          3.78000000         -0.02432494          0.00010286
 757          3.78500000         -0.02387033         -0.00001876
 758          3.79000000         -0.02129085         -0.00013811
 759          3.79500000         -0.01682684         -0.00024457
 760          3.80000000         -0.01088536         -0.00032870
 761          3.80500000         -0.00400312         -0.00038313
 762          3.81000000          0.00320201         -0.00040314
 763          3.81500000          0.01008641         -0.00038713
 764          3.82000000          0.01603821         -0.00033670
 765          3.82500000          0.02053162         -0.00025651
 766          3.83000000          0.02317341         -0.00015385
 767          3.83500000          0.02373721         -0.00003799
 768          3.84000000          0.02218296          0.00008070
 769          3.84500000          0.01865948          0.00019161
 770          3.85000000          0.01349034          0.00028491
 771          3.85500000          0.00714418          0.00035236
 772          3.86000000          0.00019222          0.00038808
 773          3.86500000         -0.00674310          0.00038905
 774          3.87000000         -0.01304387          0.00035533
 775          3.87500000         -0.01815171          0.00029011
 776          3.88000000         -0.02161722          0.00019935
 777          3.88500000         -0.02313955          0.00009127
 778          3.89000000         -0.02259242         -0.00002443
 779          3.89500000         -0.02003457         -0.00013739
 780          3.90000000         -0.01570365         -0.00023757
 781          3.90500000         -0.00999411         -0.00031608
 782          3.91000000         -0.00342137         -0.00036606
 783          3.91500000          0.00342471         -0.00038316
 784          3.92000000          0.00993275         -0.00036604
 785          3.92500000          0.01552443         -0.00031637
 786          3.93000000          0.01970585         -0.00023875
 787          3.93500000          0.02211113         -0.00014022
 788          3.94000000          0.02253441         -0.00002967
 789          3.94500000          0.02094745          0.00008300
 790          3.95000000          0.01750124          0.00018774
 791          3.95500000          0.01251173          0.00027525
 792          3.96000000          0.00643091          0.00033781
 793          3.96500000         -0.00019415          0.00036996
 794          3.97000000         -0.00677049          0.00036899
 795          3.97500000         -0.01271228          0.00033514
 796          3.98000000         -0.01749303          0.00027158
 797          3.98500000         -0.02069220          0.00018411
 798          3.99000000         -0.02203216          0.00008065
 799          3.99500000         -0.02140227         -0.00002951
 800          4.00000000         -0.01886796         -0.00013652
 801          4.00500000         -0.01466405         -0.00023086
 802          4.01000000         -0.00917302         -0.00030418
 803          4.01500000         -0.00289026         -0.00035005
 804          4.02000000          0.00362062         -0.00036450
 805          4.02500000          0.00977830         -0.00034640
 806          4.03000000          0.01503570         -0.00029750
 807          4.03500000          0.01892849         -0.00022233
 808          4.04000000          0.02111615         -0.00012768
 809          4.04500000          0.02141166         -0.00002210
 810          4.05000000          0.01979752          0.00008496
 811          4.05500000          0.01642648          0.00018394
 812          4.06000000          0.01160712          0.00026608
 813          4.06500000          0.00577568          0.00032411
 814          4.07000000         -0.00054346          0.00035299
 815          4.07500000         -0.00678487          0.00035027
 816          4.08000000         -0.01239268          0.00031635
 817          4.08500000         -0.01687006          0.00025439
 818          4.09000000         -0.01982322          0.00017003
 819          4.09500000         -0.02099600          0.00007092
 820          4.10000000         -0.02029210         -0.00003406
 821          4.10500000         -0.01778289         -0.00013552
 822          4.11000000         -0.01370032         -0.00022444
 823          4.11500000         -0.00841544         -0.00029294
 824          4.12000000         -0.00240479         -0.00033501
 825          4.12500000          0.00379263         -0.00034704
 826          4.13000000          0.00962364         -0.00032808
 827          4.13500000          0.01457025         -0.00027996
 828          4.14000000          0.01819565         -0.00020711
 829          4.14500000          0.02018277         -0.00011613
 830          4.15000000          0.02036199         -0.00001521
 831          4.15500000          0.01872557          0.00008660
 832          4.16000000          0.01542764          0.00018022
 833          4.16500000          0.01076965          0.00025736
 834          4.17000000          0.00517294          0.00031121
 835          4.17500000         -0.00085944          0.00033707
 836          4.18000000         -0.00678788          0.00033278
 837          4.18500000         -0.01208450          0.00029884
 838          4.19000000         -0.01628008          0.00023842
 839          4.19500000         -0.01900568          0.00015702
 840          4.20000000         -0.02002501          0.00006199
 841          4.20500000         -0.01925493         -0.00003814
 842          4.21000000         -0.01677212         -0.00013441
 843          4.21500000         -0.01280558         -0.00021827
 844          4.22000000         -0.00771549         -0.00028230
 845          4.22500000         -0.00196056         -0.00032088
 846          4.23000000          0.00394331         -0.00033068
 847          4.23500000          0.00946927         -0.00031096
 848          4.24000000          0.01412650         -0.00026362
 849          4.24500000          0.01750380         -0.00019299
 850          4.25000000          0.01930589         -0.00010547
 851          4.25500000          0.01937916         -0.00000894
 852          4.26000000          0.01772481          0.00008796
 853          4.26500000          0.01449797          0.00017658
 854          4.27000000          0.00999324          0.00024907
 855          4.27500000          0.00461779          0.00029904
 856          4.28000000         -0.00114541          0.00032213
 857          4.28500000         -0.00678097          0.00031640
 858          4.29000000         -0.01178718          0.00028250
 859          4.29500000         -0.01572061          0.00022356
 860          4.30000000         -0.01823543          0.00014496
 861          4.30500000         -0.01911376          0.00005378
 862          4.31000000         -0.01828453         -0.00004179
 863          4.31500000         -0.01582918         -0.00013321
 864          4.32000000         -0.01197371         -0.00021236
 865          4.32500000         -0.00706791         -0.00027223
 866          4.33000000         -0.00155365         -0.00030757
 867          4.33500000          0.00407491         -0.00031533
 868          4.34000000          0.00931559         -0.00029496
 869          4.34500000          0.01370298         -0.00024838
 870          4.35000000          0.01684977         -0.00017987
 871          4.35500000          0.01848090         -0.00009562
 872          4.36000000          0.01845760         -0.00000321
 873          4.36500000          0.01678916          0.00008907
 874          4.37000000          0.01363147          0.00017302
 875          4.37500000          0.00927244          0.00024118
 876          4.38000000          0.00410585          0.00028754
 877          4.38500000         -0.00140431          0.00030807
 878          4.39000000         -0.00676539          0.00030105
 879          4.39500000         -0.01150020          0.00026722
 880          4.40000000         -0.01518942          0.00020972
 881          4.40500000         -0.01750875          0.00013377
 882          4.41000000         -0.01825736          0.00004623
 883          4.41500000         -0.01737533         -0.00004506
 884          4.42000000         -0.01494828         -0.00013193
 885          4.42500000         -0.01119922         -0.00020668
 886          4.43000000         -0.00646801         -0.00026267
 887          4.43500000         -0.00118057         -0.00029501
 888          4.44000000          0.00418941         -0.00030092
 889          4.44500000          0.00916293         -0.00027997
 890          4.45000000          0.01329836         -0.00023415
 891          4.45500000          0.01623069         -0.00016766
 892          4.46000000          0.01770368         -0.00008651
 893          4.46500000          0.01759228          0.00000201
 894          4.47000000          0.01591318          0.00008997
 895          4.47500000          0.01282272          0.00016954
 896          4.48000000          0.00860241          0.00023365
 897          4.48500000          0.00363321          0.00027666
 898          4.49000000         -0.00163873          0.00029483
 899          4.49500000         -0.00674222          0.00028664
 900          4.50000000         -0.01122306          0.00025292
 901          4.50500000         -0.01468448          0.00019681
 902          4.51000000         -0.01682226          0.00012339
 903          4.51500000         -0.01745143          0.00003928
 904          4.52000000         -0.01652229         -0.00004798
 905          4.52500000         -0.01412424         -0.00013059
 906          4.53000000         -0.01047723         -0.00020121
 907          4.53500000         -0.00591161         -0.00025360
 908          4.54000000         -0.00083821         -0.00028316
 909          4.54500000          0.00428858         -0.00028735
 910          4.55000000          0.00901155         -0.00026591
 911          4.55500000          0.01291140         -0.00022085
 912          4.56000000          0.01564394         -0.00015629
 913          4.56500000          0.01697049         -0.00007807
 914          4.57000000          0.01677868          0.00000678
 915          4.57500000          0.01509195          0.00009067
 916          4.58000000          0.01206691          0.00016613
 917          4.58500000          0.00797878          0.00022647
 918          4.59000000          0.00319641          0.00026636
 919          4.59500000         -0.00185100          0.00028234
 920          4.60000000         -0.00671243          0.00027309
 921          4.60500000         -0.01095529          0.00023953
 922          4.61000000         -0.01420394          0.00018475
 923          4.61500000         -0.01617291          0.00011373
 924          4.62000000         -0.01669199          0.00003287
 925          4.62500000         -0.01572090         -0.00005059
 926          4.63000000         -0.01335237         -0.00012920
 927          4.63500000         -0.00980331         -0.00019596
 928          4.64000000         -0.00539495         -0.00024498
 929          4.64500000         -0.00052382         -0.00027195
 930          4.65000000          0.00437396         -0.00027457
 931          4.65500000          0.00886168         -0.00025270
 932          4.66000000          0.01254097         -0.00020839
 933          4.66500000          0.01508718         -0.00014569
 934          4.67000000          0.01627796         -0.00007025
 935          4.67500000          0.01601273          0.00001114
 936          4.68000000          0.01432109          0.00009120
 937          4.68500000          0.01135967          0.00016281
 938          4.69000000          0.00739765          0.00021961
 939          4.69500000          0.00279231          0.00025659
 940          4.70000000         -0.00204319          0.00027056
 941          4.70500000         -0.00667685          0.00026034
 942          4.71000000         -0.01069643          0.00022696
 943          4.71500000         -0.01374611          0.00017347
 944          4.72000000         -0.01555795          0.00010474
 945          4.72500000         -0.01597546          0.00002695
 946          4.73000000         -0.01496709         -0.00005292
 947          4.73500000         -0.01262848         -0.00012776
 948          4.74000000         -0.00917351         -0.00019090
 949          4.74500000         -0.00491469         -0.00023677
 950          4.75000000         -0.00023491         -0.00026134
 951          4.75500000          0.00444695         -0.00026252
 952          4.76000000          0.00871349         -0.00024028
 953          4.76500000          0.01218605         -0.00019672
 954          4.77000000          0.01455825         -0.00013579
 955          4.77500000          0.01562304         -0.00006299
 956          4.78000000          0.01529075          0.00001512
 957          4.78500000          0.01359661          0.00009157
 958          4.79000000          0.01069710          0.00015956
 959          4.79500000          0.00685552          0.00021304
 960          4.80000000          0.00241813          0.00024732
 961          4.80500000         -0.00221712          0.00025941
 962          4.81000000         -0.00663622          0.00024833
 963          4.81500000         -0.01044607          0.00021514
 964          4.82000000         -0.01330945          0.00016291
 965          4.82500000         -0.01497487          0.00009637
 966          4.83000000         -0.01529862          0.00002149
 967          4.83500000         -0.01425717         -0.00005500
 968          4.84000000         -0.01194878         -0.00012629
 969          4.84500000         -0.00858428         -0.00018603
 970          4.85000000         -0.00446778         -0.00022895
 971          4.85500000          0.00003075         -0.00025129
 972          4.86000000          0.00450876         -0.00025114
 973          4.86500000          0.00856711         -0.00022859
 974          4.87000000          0.01184566         -0.00018576
 975          4.87500000          0.01405520         -0.00012653
 976          4.88000000          0.01500296         -0.00005625
 977          4.88500000          0.01460941          0.00001876
 978          4.89000000          0.01291491          0.00009181
 979          4.89500000          0.01007564          0.00015638
 980          4.90000000          0.00634922          0.00020676
 981          4.90500000          0.00207133          0.00023851
 982          4.91000000         -0.00237447          0.00024886
 983          4.91500000         -0.00659119          0.00023699
 984          4.92000000         -0.01020378          0.00020404
 985          4.92500000         -0.01289255          0.00015302
 986          4.93000000         -0.01442138          0.00008855
 987          4.93500000         -0.01465850          0.00001645
 988          4.94000000         -0.01358781         -0.00005684
 989          4.94500000         -0.01130984         -0.00012478
 990          4.95000000         -0.00803238         -0.00018133
 991          4.95500000         -0.00405150         -0.00022149
 992          4.96000000          0.00027515         -0.00024175
 993          4.96500000          0.00456050         -0.00024038
 994          4.97000000          0.00842266         -0.00021757
 995          4.97500000          0.01151894         -0.00017546
 996          4.98000000          0.01357625         -0.00011787
 997          4.98500000          0.01441520         -0.00004998
 998          4.99000000          0.01396568          0.00002209
 999          4.99500000          0.01227275          0.00009192
1000          5.00000000          0.00949212          0.00015328
