   0          0.00000000         10.00000000         60.00000000
   1          0.05000000         10.28000000         61.20000000
   2          0.10000000         10.57524160         62.38116000
   3          0.15000000         10.88645717         63.53907260
   4          0.20000000         11.21439475         64.66904239
   5          0.25000000         11.55981409         65.76608887
   6          0.30000000         11.92348184         66.82495347
   7          0.35000000         12.30616565         67.84011108
   8          0.40000000         12.70862731         68.80578697
   9          0.45000000         13.13161456         69.71597962
  10          0.50000000         13.57585167         70.56449027
  11          0.55000000         14.04202868         71.34495970
  12          0.60000000         14.53078924         72.05091296
  13          0.65000000         15.04271690         72.67581247
  14          0.70000000         15.57832017         73.21311985
  15          0.75000000         16.13801606         73.65636669
  16          0.80000000         16.72211251         73.99923412
  17          0.85000000         17.33078972         74.23564086
  18          0.90000000         17.96408077         74.35983899
  19          0.95000000         18.62185182         74.36651636
  20          1.00000000         19.30378235         74.25090398
  21          1.05000000         20.00934607         74.00888643
  22          1.10000000         20.73779295         73.63711277
  23          1.15000000         21.48813333         73.13310485
  24          1.20000000         22.25912460         72.49535980
  25          1.25000000         23.04926156         71.72344287
  26          1.30000000         23.85677090         70.81806682
  27          1.35000000         24.67961097         69.78115383
  28          1.40000000         25.51547712         68.61587643
  29          1.45000000         26.36181340         67.32667381
  30          1.50000000         27.21583082         65.91924110
  31          1.55000000         28.07453232         64.40048967
  32          1.60000000         28.93474424         62.77847763
  33          1.65000000         29.79315380         61.06231114
  34          1.70000000         30.64635187         59.26201807
  35          1.75000000         31.49087985         57.38839724
  36          1.80000000         32.32327948         55.45284731
  37          1.85000000         33.14014397         53.46718074
  38          1.90000000         33.93816886         51.44342870
  39          1.95000000         34.71420097         49.39364357
  40          2.00000000         35.46528389         47.32970535
  41          2.05000000         36.18869848         45.26313850
  42          2.10000000         36.88199733         43.20494456
  43          2.15000000         37.54303214         41.16545544
  44          2.20000000         38.16997350         39.15421089
  45          2.25000000         38.76132282         37.17986240
  46          2.30000000         39.31591663         35.25010459
  47          2.35000000         39.83292340         33.37163386
  48          2.40000000         40.31183386         31.55013304
  49          2.45000000         40.75244542         29.79027973
  50          2.50000000         41.15484190         28.09577544
  51          2.55000000         41.51936949         26.46939235
  52          2.60000000         41.84661002         24.91303380
  53          2.65000000         42.13735275         23.42780530
  54          2.70000000         42.39256534         22.01409230
  55          2.75000000         42.61336513         20.67164183
  56          2.80000000         42.80099114         19.39964516
  57          2.85000000         42.95677763         18.19681909
  58          2.90000000         43.08212944         17.06148417
  59          2.95000000         43.17849945         15.99163829
  60          3.00000000         43.24736842         14.98502465
  61          3.05000000         43.29022720         14.03919355
  62          3.10000000         43.30856131         13.15155757
  63          3.15000000         43.30383784         12.31944006
  64          3.20000000         43.27749456         11.54011728
  65          3.25000000         43.23093102         10.81085415
  66          3.30000000         43.16550154         10.12893436
  67          3.35000000         43.08250985          9.49168508
  68          3.40000000         42.98320514          8.89649687
  69          3.45000000         42.86877947          8.34083935
  70          3.50000000         42.74036620          7.82227312
  71          3.55000000         42.59903936          7.33845836
  72          3.60000000         42.44581381          6.88716080
  73          3.65000000         42.28164599          6.46625517
  74          3.70000000         42.10743517          6.07372687
  75          3.75000000         41.92402512          5.70767193
  76          3.80000000         41.73220607          5.36629572
  77          3.85000000         41.53271683          5.04791063
  78          3.90000000         41.32624717          4.75093300
  79          3.95000000         41.11344013          4.47387940
  80          4.00000000         40.89489455          4.21536254
  81          4.05000000         40.67116748          3.97408684
  82          4.10000000         40.44277659          3.74884387
  83          4.15000000         40.21020257          3.53850771
  84          4.20000000         39.97389142          3.34203028
  85          4.25000000         39.73425666          3.15843675
  86          4.30000000         39.49168149          2.98682106
  87          4.35000000         39.24652079          2.82634154
  88          4.40000000         38.99910306          2.67621673
  89          4.45000000         38.74973227          2.53572136
  90          4.50000000         38.49868953          2.40418251
  91          4.55000000         38.24623473          2.28097603
  92          4.60000000         37.99260810          2.16552309
  93          4.65000000         37.73803156          2.05728695
  94          4.70000000         37.48271008          1.95576997
  95          4.75000000         37.22683294          1.86051072
  96          4.80000000         36.97057483          1.77108140
  97          4.85000000         36.71409697          1.68708532
  98          4.90000000         36.45754808          1.60815462
  99          4.95000000         36.20106532          1.53394814
 100          5.00000000         35.94477513          1.46414942
 101          5.05000000         35.68879404          1.39846484
 102          5.10000000         35.43322941          1.33662195
 103          5.15000000         35.17818007          1.27836785
 104          5.20000000         34.92373702          1.22346777
 105          5.25000000         34.66998397          1.17170365
 106          5.30000000         34.41699786          1.12287295
 107          5.35000000         34.16484943          1.07678744
 108          5.40000000         33.91360360          1.03327218
 109          5.45000000         33.66331996          0.99216447
 110          5.50000000         33.41405313          0.95331299
 111          5.55000000         33.16585314          0.91657695
 112          5.60000000         32.91876575          0.88182527
 113          5.65000000         32.67283278          0.84893591
 114          5.70000000         32.42809240          0.81779517
 115          5.75000000         32.18457939          0.78829711
 116          5.80000000         31.94232536          0.76034296
 117          5.85000000         31.70135903          0.73384058
 118          5.90000000         31.46170640          0.70870405
 119          5.95000000         31.22339098          0.68485314
 120          6.00000000         30.98643391          0.66221293
 121          6.05000000         30.75085421          0.64071347
 122          6.10000000         30.51666887          0.62028936
 123          6.15000000         30.28389302          0.60087947
 124          6.20000000         30.05254005          0.58242662
 125          6.25000000         29.82262177          0.56487732
 126          6.30000000         29.59414847          0.54818149
 127          6.35000000         29.36712906          0.53229225
 128          6.40000000         29.14157117          0.51716566
 129          6.45000000         28.91748121          0.50276057
 130          6.50000000         28.69486450          0.48903837
 131          6.55000000         28.47372532          0.47596287
 132          6.60000000         28.25406698          0.46350011
 133          6.65000000         28.03589190          0.45161821
 134          6.70000000         27.81920168          0.44028723
 135          6.75000000         27.60399713          0.42947906
 136          6.80000000         27.39027835          0.41916727
 137          6.85000000         27.17804479          0.40932703
 138          6.90000000         26.96729526          0.39993497
 139          6.95000000         26.75802799          0.39096913
 140          7.00000000         26.55024071          0.38240884
 141          7.05000000         26.34393061          0.37423462
 142          7.10000000         26.13909445          0.36642815
 143          7.15000000         25.93572856          0.35897217
 144          7.20000000         25.73382885          0.35185040
 145          7.25000000         25.53339090          0.34504752
 146          7.30000000         25.33440991          0.33854908
 147          7.35000000         25.13688079          0.33234144
 148          7.40000000         24.94079816          0.32641173
 149          7.45000000         24.74615636          0.32074784
 150          7.50000000         24.55294947          0.31533830
 151          7.55000000         24.36117137          0.31017231
 152          7.60000000         24.17081570          0.30523966
 153          7.65000000         23.98187590          0.30053072
 154          7.70000000         23.79434527          0.29603637
 155          7.75000000         23.60821690          0.29174803
 156          7.80000000         23.42348376          0.28765757
 157          7.85000000         23.24013866          0.28375730
 158          7.90000000         23.05817428          0.28003998
 159          7.95000000         22.87758321          0.27649875
 160          8.00000000         22.69835792          0.27312714
 161          8.05000000         22.52049078          0.26991902
 162          8.10000000         22.34397408          0.26686860
 163          8.15000000         22.16880003          0.26397043
 164          8.20000000         21.99496077          0.26121933
 165          8.25000000         21.82244839          0.25861042
 166          8.30000000         21.65125491          0.25613911
 167          8.35000000         21.48137231          0.25380104
 168          8.40000000         21.31279253          0.25159210
 169          8.45000000         21.14550747          0.24950842
 170          8.50000000         20.97950900          0.24754634
 171          8.55000000         20.81478897          0.24570242
 172          8.60000000         20.65133920          0.24397342
 173          8.65000000         20.48915152          0.24235628
 174          8.70000000         20.32821771          0.24084813
 175          8.75000000         20.16852958          0.23944626
 176          8.80000000         20.01007891          0.23814815
 177          8.85000000         19.85285749          0.23695140
 178          8.90000000         19.69685713          0.23585381
 179          8.95000000         19.54206962          0.23485329
 180          9.00000000         19.38848678          0.23394789
 181          9.05000000         19.23610042          0.23313580
 182          9.10000000         19.08490239          0.23241535
 183          9.15000000         18.93488454          0.23178498
 184          9.20000000         18.78603876          0.23124325
 185          9.25000000         18.63835694          0.23078884
 186          9.30000000         18.49183100          0.23042052
 187          9.35000000         18.34645289          0.23013720
 188          9.40000000         18.20221459          0.22993787
 189          9.45000000         18.05910810          0.22982163
 190          9.50000000         17.91712546          0.22978767
 191          9.55000000         17.77625873          0.22983528
 192          9.60000000         17.63650003          0.22996384
 193          9.65000000         17.49784148          0.23017282
 194          9.70000000         17.36027527          0.23046178
 195          9.75000000         17.22379359          0.23083036
 196          9.80000000         17.08838871          0.23127829
 197          9.85000000         16.95405290          0.23180538
 198          9.90000000         16.82077851          0.23241152
 199          9.95000000         16.68855788          0.23309668
 200         10.00000000         16.55738345          0.23386091
 201         10.05000000         16.42724766          0.23470434
 202         10.10000000         16.29814300          0.23562717
 203         10.15000000         16.17006203          0.23662968
 204         10.20000000         16.04299732          0.23771222
 205         10.25000000         15.91694151          0.23887523
 206         10.30000000         15.79188728          0.24011921
 207         10.35000000         15.66782734          0.24144474
 208         10.40000000         15.54475447          0.24285246
 209         10.45000000         15.42266149          0.24434312
 210         10.50000000         15.30154125          0.24591751
 211         10.55000000         15.18138667          0.24757650
 212         10.60000000         15.06219071          0.24932106
 213         10.65000000         14.94394637          0.25115220
 214         10.70000000         14.82664673          0.25307104
 215         10.75000000         14.71028487          0.25507875
 216         10.80000000         14.59485396          0.25717659
 217         10.85000000         14.48034720          0.25936590
 218         10.90000000         14.36675785          0.26164809
 219         10.95000000         14.25407921          0.26402467
 220         11.00000000         14.14230463          0.26649721
 221         11.05000000         14.03142752          0.26906737
 222         11.10000000         13.92144134          0.27173690
 223         11.15000000         13.81233959          0.27450764
 224         11.20000000         13.70411583          0.27738150
 225         11.25000000         13.59676367          0.28036050
 226         11.30000000         13.49027675          0.28344674
 227         11.35000000         13.38464881          0.28664240
 228         11.40000000         13.27987358          0.28994979
 229         11.45000000         13.17594489          0.29337129
 230         11.50000000         13.07285660          0.29690939
 231         11.55000000         12.97060262          0.30056667
 232         11.60000000         12.86917691          0.30434585
 233         11.65000000         12.76857351          0.30824971
 234         11.70000000         12.66878646          0.31228117
 235         11.75000000         12.56980991          0.31644327
 236         11.80000000         12.47163801          0.32073914
 237         11.85000000         12.37426499          0.32517204
 238         11.90000000         12.27768513          0.32974537
 239         11.95000000         12.18189275          0.33446264
 240         12.00000000         12.08688224          0.33932749
 241         12.05000000         11.99264803          0.34434369
 242         12.10000000         11.89918460          0.34951518
 243         12.15000000         11.80648649          0.35484600
 244         12.20000000         11.71454829          0.36034036
 245         12.25000000         11.62336464          0.36600261
 246         12.30000000         11.53293023          0.37183727
 247         12.35000000         11.44323981          0.37784902
 248         12.40000000         11.35428819          0.38404268
 249         12.45000000         11.26607020          0.39042327
 250         12.50000000         11.17858076          0.39699598
 251         12.55000000         11.09181482          0.40376617
 252         12.60000000         11.00576740          0.41073940
 253         12.65000000         10.92043357          0.41792142
 254         12.70000000         10.83580843          0.42531817
 255         12.75000000         10.75188716          0.43293583
 256         12.80000000         10.66866499          0.44078074
 257         12.85000000         10.58613719          0.44885952
 258         12.90000000         10.50429911          0.45717898
 259         12.95000000         10.42314612          0.46574617
 260         13.00000000         10.34267368          0.47456840
 261         13.05000000         10.26287727          0.48365321
 262         13.10000000         10.18375246          0.49300842
 263         13.15000000         10.10529485          0.50264211
 264         13.20000000         10.02750009          0.51256264
 265         13.25000000          9.95036393          0.52277865
 266         13.30000000          9.87388212          0.53329910
 267         13.35000000          9.79805050          0.54413323
 268         13.40000000          9.72286496          0.55529061
 269         13.45000000          9.64832145          0.56678115
 270         13.50000000          9.57441597          0.57861508
 271         13.55000000          9.50114459          0.59080301
 272         13.60000000          9.42850341          0.60335588
 273         13.65000000          9.35648863          0.61628504
 274         13.70000000          9.28509648          0.62960221
 275         13.75000000          9.21432326          0.64331951
 276         13.80000000          9.14416533          0.65744951
 277         13.85000000          9.07461910          0.67200517
 278         13.90000000          9.00568106          0.68699992
 279         13.95000000          8.93734775          0.70244766
 280         14.00000000          8.86961578          0.71836276
 281         14.05000000          8.80248182          0.73476008
 282         14.10000000          8.73594259          0.75165500
 283         14.15000000          8.66999490          0.76906344
 284         14.20000000          8.60463561          0.78700185
 285         14.25000000          8.53986164          0.80548728
 286         14.30000000          8.47567000          0.82453733
 287         14.35000000          8.41205774          0.84417024
 288         14.40000000          8.34902200          0.86440488
 289         14.45000000          8.28655999          0.88526076
 290         14.50000000          8.22466897          0.90675808
 291         14.55000000          8.16334629          0.92891773
 292         14.60000000          8.10258936          0.95176134
 293         14.65000000          8.04239569          0.97531127
 294         14.70000000          7.98276283          0.99959068
 295         14.75000000          7.92368842          1.02462352
 296         14.80000000          7.86517019          1.05043459
 297         14.85000000          7.80720594          1.07704953
 298         14.90000000          7.74979354          1.10449489
 299         14.95000000          7.69293096          1.13279814
 300         15.00000000          7.63661623          1.16198771
 301         15.05000000          7.58084749          1.19209302
 302         15.10000000          7.52562296          1.22314452
 303         15.15000000          7.47094093          1.25517371
 304         15.20000000          7.41679980          1.28821321
 305         15.25000000          7.36319805          1.32229675
 306         15.30000000          7.31013427          1.35745927
 307         15.35000000          7.25760712          1.39373692
 308         15.40000000          7.20561538          1.43116709
 309         15.45000000          7.15415792          1.46978851
 310         15.50000000          7.10323372          1.50964125
 311         15.55000000          7.05284185          1.55076677
 312         15.60000000          7.00298150          1.59320799
 313         15.65000000          6.95365197          1.63700933
 314         15.70000000          6.90485267          1.68221677
 315         15.75000000          6.85658313          1.72887788
 316         15.80000000          6.80884298          1.77704189
 317         15.85000000          6.76163199          1.82675978
 318         15.90000000          6.71495006          1.87808428
 319         15.95000000          6.66879721          1.93106997
 320         16.00000000          6.62317358          1.98577333
 321         16.05000000          6.57807946          2.04225283
 322         16.10000000          6.53351529          2.10056895
 323         16.15000000          6.48948163          2.16078430
 324         16.20000000          6.44597919          2.22296367
 325         16.25000000          6.40300887          2.28717409
 326         16.30000000          6.36057167          2.35348494
 327         16.35000000          6.31866881          2.42196799
 328         16.40000000          6.27730162          2.49269751
 329         16.45000000          6.23647166          2.56575036
 330         16.50000000          6.19618062          2.64120606
 331         16.55000000          6.15643041          2.71914685
 332         16.60000000          6.11722311          2.79965787
 333         16.65000000          6.07856101          2.88282714
 334         16.70000000          6.04044658          2.96874576
 335         16.75000000          6.00288254          3.05750795
 336         16.80000000          5.96587180          3.14921115
 337         16.85000000          5.92941750          3.24395618
 338         16.90000000          5.89352302          3.34184728
 339         16.95000000          5.85819199          3.44299227
 340         17.00000000          5.82342828          3.54750265
 341         17.05000000          5.78923603          3.65549370
 342         17.10000000          5.75561965          3.76708463
 343         17.15000000          5.72258384          3.88239867
 344         17.20000000          5.69013358          4.00156323
 345         17.25000000          5.65827416          4.12471000
 346         17.30000000          5.62701122          4.25197510
 347         17.35000000          5.59635067          4.38349920
 348         17.40000000          5.56629883          4.51942767
 349         17.45000000          5.53686233          4.65991070
 350         17.50000000          5.50804820          4.80510347
 351         17.55000000          5.47986386          4.95516628
 352         17.60000000          5.45231713          5.11026467
 353         17.65000000          5.42541626          5.27056962
 354         17.70000000          5.39916995          5.43625767
 355         17.75000000          5.37358736          5.60751106
 356         17.80000000          5.34867813          5.78451794
 357         17.85000000          5.32445242          5.96747243
 358         17.90000000          5.30092092          6.15657488
 359         17.95000000          5.27809486          6.35203196
 360         18.00000000          5.25598608          6.55405683
 361         18.05000000          5.23460701          6.76286931
 362         18.10000000          5.21397073          6.97869602
 363         18.15000000          5.19409099          7.20177055
 364         18.20000000          5.17498226          7.43233360
 365         18.25000000          5.15665971          7.67063312
 366         18.30000000          5.13913934          7.91692450
 367         18.35000000          5.12243794          8.17147066
 368         18.40000000          5.10657314          8.43454221
 369         18.45000000          5.09156352          8.70641759
 370         18.50000000          5.07742858          8.98738319
 371         18.55000000          5.06418883          9.27773344
 372         18.60000000          5.05186584          9.57777096
 373         18.65000000          5.04048228          9.88780662
 374         18.70000000          5.03006201         10.20815963
 375         18.75000000          5.02063012         10.53915763
 376         18.80000000          5.01221300         10.88113669
 377         18.85000000          5.00483844         11.23444140
 378         18.90000000          4.99853567         11.59942486
 379         18.95000000          4.99333547         11.97644863
 380         19.00000000          4.98927024         12.36588275
 381         19.05000000          4.98637412         12.76810565
 382         19.10000000          4.98468306         13.18350402
 383         19.15000000          4.98423495         13.61247273
 384         19.20000000          4.98506973         14.05541460
 385         19.25000000          4.98722950         14.51274020
 386         19.30000000          4.99075868         14.98486759
 387         19.35000000          4.99570413         15.47222199
 388         19.40000000          5.00211528         15.97523537
 389         19.45000000          5.01004434         16.49434604
 390         19.50000000          5.01954643         17.02999810
 391         19.55000000          5.03067978         17.58264085
 392         19.60000000          5.04350592         18.15272810
 393         19.65000000          5.05808991         18.74071738
 394         19.70000000          5.07450053         19.34706908
 395         19.75000000          5.09281055         19.97224541
 396         19.80000000          5.11309699         20.61670930
 397         19.85000000          5.13544135         21.28092313
 398         19.90000000          5.15992998         21.96534734
 399         19.95000000          5.18665433         22.67043883
 400         20.00000000          5.21571134         23.39664926
 401         20.05000000          5.24720375         24.14442305
 402         20.10000000          5.28124054         24.91419532
 403         20.15000000          5.31793733         25.70638946
 404         20.20000000          5.35741681         26.52141457
 405         20.25000000          5.39980924         27.35966254
 406         20.30000000          5.44525294         28.22150496
 407         20.35000000          5.49389486         29.10728960
 408         20.40000000          5.54589113         30.01733666
 409         20.45000000          5.60140773         30.95193461
 410         20.50000000          5.66062112         31.91133565
 411         20.55000000          5.72371894         32.89575081
 412         20.60000000          5.79090080         33.90534451
 413         20.65000000          5.86237909         34.94022880
 414         20.70000000          5.93837978         36.00045693
 415         20.75000000          6.01914337         37.08601653
 416         20.80000000          6.10492585         38.19682214
 417         20.85000000          6.19599971         39.33270722
 418         20.90000000          6.29265497         40.49341544
 419         20.95000000          6.39520039         41.67859141
 420         21.00000000          6.50396455         42.88777066
 421         21.05000000          6.61929716         44.12036899
 422         21.10000000          6.74157028         45.37567101
 423         21.15000000          6.87117968         46.65281802
 424         21.20000000          7.00854618         47.95079509
 425         21.25000000          7.15411703         49.26841747
 426         21.30000000          7.30836731         50.60431619
 427         21.35000000          7.47180133         51.95692309
 428         21.40000000          7.64495400         53.32445512
 429         21.45000000          7.82839218         54.70489808
 430         21.50000000          8.02271588         56.09599000
 431         21.55000000          8.22855946         57.49520408
 432         21.60000000          8.44659261         58.89973150
 433         21.65000000          8.67752109         60.30646432
 434         21.70000000          8.92208729         61.71197868
 435         21.75000000          9.18107039         63.11251857
 436         21.80000000          9.45528611         64.50398071
 437         21.85000000          9.74558598         65.88190086
 438         21.90000000         10.05285593         67.24144208
 439         21.95000000         10.37801420         68.57738565
 440         22.00000000         10.72200834         69.88412530
 441         22.05000000         11.08581117         71.15566550
 442         22.10000000         11.47041565         72.38562477
 443         22.15000000         11.87682824         73.56724487
 444         22.20000000         12.30606094         74.69340706
 445         22.25000000         12.75912142         75.75665633
 446         22.30000000         13.23700148         76.74923493
 447         22.35000000         13.74066331         77.66312616
 448         22.40000000         14.27102372         78.49010967
 449         22.45000000         14.82893606         79.22182906
 450         22.50000000         15.41516983         79.84987277
 451         22.55000000         16.03038809         80.36586867
 452         22.60000000         16.67512262         80.76159261
 453         22.65000000         17.34974731         81.02909062
 454         22.70000000         18.05444988         81.16081408
 455         22.75000000         18.78920259         81.14976609
 456         22.80000000         19.55373261         80.98965708
 457         22.85000000         20.34749281         80.67506640
 458         22.90000000         21.16963407         80.20160605
 459         22.95000000         22.01898019         79.56608169
 460         23.00000000         22.89400673         78.76664543
 461         23.05000000         23.79282514         77.80293420
 462         23.10000000         24.71317351         76.67618721
 463         23.15000000         25.65241527         75.38933584
 464         23.20000000         26.60754708         73.94705958
 465         23.25000000         27.57521662         72.35580259
 466         23.30000000         28.55175105         70.62374638
 467         23.35000000         29.53319601         68.76073591
 468         23.40000000         30.51536502         66.77815829
 469         23.45000000         31.49389803         64.68877573
 470         23.50000000         32.46432787         62.50651637
 471         23.55000000         33.42215247         60.24622950
 472         23.60000000         34.36291045         57.92341316
 473         23.65000000         35.28225740         55.55392410
 474         23.70000000         36.17604005         53.15368106
 475         23.75000000         37.04036555         50.73837247
 476         23.80000000         37.87166334         48.32317958
 477         23.85000000         38.66673755         45.92252469
 478         23.90000000         39.42280817         43.54985277
 479         23.95000000         40.13754020         41.21745242
 480         24.00000000         40.80906017         38.93631989
 481         24.05000000         41.43596047         36.71606773
 482         24.10000000         42.01729210         34.56487696
 483         24.15000000         42.55254728         32.48949009
 484         24.20000000         43.04163324         30.49524074
 485         24.25000000         43.48483916         28.58611415
 486         24.30000000         43.88279799         26.76483285
 487         24.35000000         44.23644506         25.03296094
 488         24.40000000         44.54697502         23.39102118
 489         24.45000000         44.81579876         21.83861904
 490         24.50000000         45.04450146         20.37456901
 491         24.55000000         45.23480283         18.99701886
 492         24.60000000         45.38852025         17.70356870
 493         24.65000000         45.50753536         16.49138233
 494         24.70000000         45.59376438         15.35728912
 495         24.75000000         45.64913223         14.29787558
 496         24.80000000         45.67555054         13.30956594
 497         24.85000000         45.67489919         12.38869203
 498         24.90000000         45.64901135         11.53155252
 499         24.95000000         45.59966165         10.73446246
 500         25.00000000         45.52855707          9.99379363
 501         25.05000000         45.43733041          9.30600683
 502         25.10000000         45.32753583          8.66767687
 503         25.15000000         45.20064621          8.07551125
 504         25.20000000         45.05805203          7.52636344
 505         25.25000000         44.90106158          7.01724160
 506         25.30000000         44.73090205          6.54531348
 507         25.35000000         44.54872150          6.10790815
 508         25.40000000         44.35559142          5.70251527
 509         25.45000000         44.15250976          5.32678236
 510         25.50000000         43.94040416          4.97851054
 511         25.55000000         43.72013559          4.65564910
 512         25.60000000         43.49250187          4.35628929
 513         25.65000000         43.25824141          4.07865750
 514         25.70000000         43.01803681          3.82110821
 515         25.75000000         42.77251846          3.58211665
 516         25.80000000         42.52226800          3.36027152
 517         25.85000000         42.26782168          3.15426783
 518         25.90000000         42.00967352          2.96289980
 519         25.95000000         41.74827840          2.78505416
 520         26.00000000         41.48405491          2.61970356
 521         26.05000000         41.21738802          2.46590040
 522         26.10000000         40.94863170          2.32277099
 523         26.15000000         40.67811123          2.18950995
 524         26.20000000         40.40612541          2.06537507
 525         26.25000000         40.13294869          1.94968244
 526         26.30000000         39.85883301          1.84180188
 527         26.35000000         39.58400959          1.74115279
 528         26.40000000         39.30869059          1.64720014
 529         26.45000000         39.03307064          1.55945094
 530         26.50000000         38.75732817          1.47745084
 531         26.55000000         38.48162677          1.40078101
 532         26.60000000         38.20611636          1.32905532
 533         26.65000000         37.93093425          1.26191771
 534         26.70000000         37.65620621          1.19903971
 535         26.75000000         37.38204733          1.14011828
 536         26.80000000         37.10856292          1.08487372
 537         26.85000000         36.83584928          1.03304777
 538         26.90000000         36.56399440          0.98440194
 539         26.95000000         36.29307865          0.93871586
 540         27.00000000         36.02317535          0.89578585
 541         27.05000000         35.75435138          0.85542359
 542         27.10000000         35.48666764          0.81745486
 543         27.15000000         35.22017955          0.78171846
 544         27.20000000         34.95493747          0.74806513
 545         27.25000000         34.69098711          0.71635663
 546         27.30000000         34.42836989          0.68646489
 547         27.35000000         34.16712325          0.65827114
 548         27.40000000         33.90728100          0.63166526
 549         27.45000000         33.64887358          0.60654507
 550         27.50000000         33.39192833          0.58281570
 551         27.55000000         33.13646971          0.56038906
 552         27.60000000         32.88251954          0.53918328
 553         27.65000000         32.63009720          0.51912226
 554         27.70000000         32.37921983          0.50013524
 555         27.75000000         32.12990247          0.48215635
 556         27.80000000         31.88215823          0.46512430
 557         27.85000000         31.63599846          0.44898198
 558         27.90000000         31.39143287          0.43367618
 559         27.95000000         31.14846964          0.41915732
 560         28.00000000         30.90711555          0.40537913
 561         28.05000000         30.66737608          0.39229844
 562         28.10000000         30.42925553          0.37987496
 563         28.15000000         30.19275708          0.36807105
 564         28.20000000         29.95788287          0.35685155
 565         28.25000000         29.72463411          0.34618358
 566         28.30000000         29.49301115          0.33603639
 567         28.35000000         29.26301350          0.32638121
 568         28.40000000         29.03463993          0.31719112
 569         28.45000000         28.80788852          0.30844090
 570         28.50000000         28.58275673          0.30010691
 571         28.55000000         28.35924141          0.29216701
 572         28.60000000         28.13733886          0.28460044
 573         28.65000000         27.91704489          0.27738771
 574         28.70000000         27.69835484          0.27051055
 575         28.75000000         27.48126362          0.26395178
 576         28.80000000         27.26576574          0.25769529
 577         28.85000000         27.05185537          0.25172593
 578         28.90000000         26.83952632          0.24602946
 579         28.95000000         26.62877210          0.24059250
 580         29.00000000         26.41958593          0.23540246
 581         29.05000000         26.21196079          0.23044748
 582         29.10000000         26.00588939          0.22571642
 583         29.15000000         25.80136425          0.22119876
 584         29.20000000         25.59837767          0.21688463
 585         29.25000000         25.39692179          0.21276470
 586         29.30000000         25.19698855          0.20883020
 587         29.35000000         24.99856978          0.20507282
 588         29.40000000         24.80165714          0.20148478
 589         29.45000000         24.60624218          0.19805871
 590         29.50000000         24.41231633          0.19478765
 591         29.55000000         24.21987093          0.19166505
 592         29.60000000         24.02889722          0.18868472
 593         29.65000000         23.83938637          0.18584082
 594         29.70000000         23.65132948          0.18312782
 595         29.75000000         23.46471758          0.18054054
 596         29.80000000         23.27954164          0.17807403
 597         29.85000000         23.09579259          0.17572365
 598         29.90000000         22.91346134          0.17348503
 599         29.95000000         22.73253873          0.17135400
 600         30.00000000         22.55301561          0.16932665
 601         30.05000000         22.37488278          0.16739928
 602         30.10000000         22.19813104          0.16556840
 603         30.15000000         22.02275118          0.16383071
 604         30.20000000         21.84873397          0.16218308
 605         30.25000000         21.67607020          0.16062258
 606         30.30000000         21.50475063          0.15914643
 607         30.35000000         21.33476607          0.15775201
 608         30.40000000         21.16610730          0.15643685
 609         30.45000000         20.99876514          0.15519861
 610         30.50000000         20.83273041          0.15403510
 611         30.55000000         20.66799395          0.15294425
 612         30.60000000         20.50454663          0.15192411
 613         30.65000000         20.34237933          0.15097286
 614         30.70000000         20.18148299          0.15008877
 615         30.75000000         20.02184853          0.14927023
 616         30.80000000         19.86346694          0.14851572
 617         30.85000000         19.70632923          0.14782384
 618         30.90000000         19.55042644          0.14719325
 619         30.95000000         19.39574964          0.14662272
 620         31.00000000         19.24228996          0.14611110
 621         31.05000000         19.09003854          0.14565731
 622         31.10000000         18.93898660          0.14526038
 623         31.15000000         18.78912536          0.14491939
 624         31.20000000         18.64044610          0.14463349
 625         31.25000000         18.49294015          0.14440192
 626         31.30000000         18.34659888          0.14422396
 627         31.35000000         18.20141370          0.14409899
 628         31.40000000         18.05737607          0.14402643
 629         31.45000000         17.91447751          0.14400578
 630         31.50000000         17.77270956          0.14403656
 631         31.55000000         17.63206383          0.14411841
 632         31.60000000         17.49253199          0.14425098
 633         31.65000000         17.35410572          0.14443398
 634         31.70000000         17.21677679          0.14466721
 635         31.75000000         17.08053700          0.14495047
 636         31.80000000         16.94537820          0.14528366
 637         31.85000000         16.81129230          0.14566671
 638         31.90000000         16.67827127          0.14609960
 639         31.95000000         16.54630712          0.14658236
 640         32.00000000         16.41539190          0.14711507
 641         32.05000000         16.28551773          0.14769787
 642         32.10000000         16.15667679          0.14833094
 643         32.15000000         16.02886130          0.14901449
 644         32.20000000         15.90206353          0.14974881
 645         32.25000000         15.77627581          0.15053422
 646         32.30000000         15.65149053          0.15137109
 647         32.35000000         15.52770011          0.15225983
 648         32.40000000         15.40489706          0.15320091
 649         32.45000000         15.28307391          0.15419484
 650         32.50000000         15.16222326          0.15524218
 651         32.55000000         15.04233776          0.15634354
 652         32.60000000         14.92341012          0.15749956
 653         32.65000000         14.80543310          0.15871097
 654         32.70000000         14.68839951          0.15997850
 655         32.75000000         14.57230221          0.16130296
 656         32.80000000         14.45713412          0.16268521
 657         32.85000000         14.34288823          0.16412614
 658         32.90000000         14.22955755          0.16562671
 659         32.95000000         14.11713516          0.16718792
 660         33.00000000         14.00561421          0.16881084
 661         33.05000000         13.89498788          0.17049658
 662         33.10000000         13.78524940          0.17224631
 663         33.15000000         13.67639208          0.17406124
 664         33.20000000         13.56840926          0.17594268
 665         33.25000000         13.46129435          0.17789194
 666         33.30000000         13.35504079          0.17991044
 667         33.35000000         13.24964209          0.18199963
 668         33.40000000         13.14509181          0.18416104
 669         33.45000000         13.04138356          0.18639625
 670         33.50000000         12.93851101          0.18870692
 671         33.55000000         12.83646788          0.19109476
 672         33.60000000         12.73524792          0.19356157
 673         33.65000000         12.63484497          0.19610921
 674         33.70000000         12.53525290          0.19873960
 675         33.75000000         12.43646562          0.20145475
 676         33.80000000         12.33847713          0.20425675
 677         33.85000000         12.24128144          0.20714776
 678         33.90000000         12.14487265          0.21013003
 679         33.95000000         12.04924487          0.21320587
 680         34.00000000         11.95439229          0.21637771
 681         34.05000000         11.86030915          0.21964805
 682         34.10000000         11.76698973          0.22301948
 683         34.15000000         11.67442837          0.22649469
 684         34.20000000         11.58261947          0.23007646
 685         34.25000000         11.49155744          0.23376768
 686         34.30000000         11.40123680          0.23757134
 687         34.35000000         11.31165207          0.24149053
 688         34.40000000         11.22279784          0.24552846
 689         34.45000000         11.13466877          0.24968845
 690         34.50000000         11.04725954          0.25397393
 691         34.55000000         10.96056489          0.25838847
 692         34.60000000         10.87457962          0.26293574
 693         34.65000000         10.78929858          0.26761956
 694         34.70000000         10.70471664          0.27244387
 695         34.75000000         10.62082877          0.27741276
 696         34.80000000         10.53762995          0.28253045
 697         34.85000000         10.45511523          0.28780132
 698         34.90000000         10.37327971          0.29322989
 699         34.95000000         10.29211853          0.29882085
 700         35.00000000         10.21162688          0.30457904
 701         35.05000000         10.13180001          0.31050947
 702         35.10000000         10.05263322          0.31661735
 703         35.15000000          9.97412186          0.32290804
 704         35.20000000          9.89626132          0.32938709
 705         35.25000000          9.81904705          0.33606025
 706         35.30000000          9.74247455          0.34293349
 707         35.35000000          9.66653936          0.35001294
 708         35.40000000          9.59123710          0.35730499
 709         35.45000000          9.51656340          0.36481622
 710         35.50000000          9.44251397          0.37255346
 711         35.55000000          9.36908456          0.38052376
 712         35.60000000          9.29627098          0.38873443
 713         35.65000000          9.22406908          0.39719303
 714         35.70000000          9.15247477          0.40590738
 715         35.75000000          9.08148401          0.41488557
 716         35.80000000          9.01109280          0.42413598
 717         35.85000000          8.94129722          0.43366727
 718         35.90000000          8.87209337          0.44348843
 719         35.95000000          8.80347742          0.45360873
 720         36.00000000          8.73544560          0.46403779
 721         36.05000000          8.66799418          0.47478555
 722         36.10000000          8.60111949          0.48586230
 723         36.15000000          8.53481791          0.49727871
 724         36.20000000          8.46908588          0.50904579
 725         36.25000000          8.40391988          0.52117497
 726         36.30000000          8.33931647          0.53367806
 727         36.35000000          8.27527225          0.54656730
 728         36.40000000          8.21178387          0.55985535
 729         36.45000000          8.14884804          0.57355531
 730         36.50000000          8.08646155          0.58768076
 731         36.55000000          8.02462121          0.60224575
 732         36.60000000          7.96332392          0.61726482
 733         36.65000000          7.90256661          0.63275304
 734         36.70000000          7.84234630          0.64872599
 735         36.75000000          7.78266005          0.66519983
 736         36.80000000          7.72350499          0.68219126
 737         36.85000000          7.66487829          0.69971760
 738         36.90000000          7.60677722          0.71779677
 739         36.95000000          7.54919907          0.73644732
 740         37.00000000          7.49214123          0.75568848
 741         37.05000000          7.43560113          0.77554015
 742         37.10000000          7.37957629          0.79602294
 743         37.15000000          7.32406427          0.81715819
 744         37.20000000          7.26906270          0.83896801
 745         37.25000000          7.21456931          0.86147529
 746         37.30000000          7.16058186          0.88470375
 747         37.35000000          7.10709820          0.90867793
 748         37.40000000          7.05411625          0.93342328
 749         37.45000000          7.00163401          0.95896614
 750         37.50000000          6.94964953          0.98533379
 751         37.55000000          6.89816097          1.01255450
 752         37.60000000          6.84716654          1.04065754
 753         37.65000000          6.79666454          1.06967324
 754         37.70000000          6.74665335          1.09963301
 755         37.75000000          6.69713143          1.13056939
 756         37.80000000          6.64809732          1.16251609
 757         37.85000000          6.59954966          1.19550801
 758         37.90000000          6.55148715          1.22958133
 759         37.95000000          6.50390860          1.26477353
 760         38.00000000          6.45681292          1.30112341
 761         38.05000000          6.41019908          1.33867119
 762         38.10000000          6.36406618          1.37745852
 763         38.15000000          6.31841339          1.41752856
 764         38.20000000          6.27324000          1.45892601
 765         38.25000000          6.22854540          1.50169720
 766         38.30000000          6.18432907          1.54589010
 767         38.35000000          6.14059061          1.59155443
 768         38.40000000          6.09732974          1.63874166
 769         38.45000000          6.05454627          1.68750517
 770         38.50000000          6.01224014          1.73790021
 771         38.55000000          5.97041143          1.78998403
 772         38.60000000          5.92906030          1.84381596
 773         38.65000000          5.88818708          1.89945744
 774         38.70000000          5.84779220          1.95697212
 775         38.75000000          5.80787624          2.01642595
 776         38.80000000          5.76843992          2.07788724
 777         38.85000000          5.72948410          2.14142674
 778         38.90000000          5.69100979          2.20711777
 779         38.95000000          5.65301815          2.27503625
 780         39.00000000          5.61551050          2.34526083
 781         39.05000000          5.57848831          2.41787297
 782         39.10000000          5.54195325          2.49295707
 783         39.15000000          5.50590714          2.57060051
 784         39.20000000          5.47035197          2.65089381
 785         39.25000000          5.43528995          2.73393073
 786         39.30000000          5.40072346          2.81980834
 787         39.35000000          5.36665507          2.90862720
 788         39.40000000          5.33308759          3.00049143
 789         39.45000000          5.30002402          3.09550884
 790         39.50000000          5.26746759          3.19379106
 791         39.55000000          5.23542176          3.29545368
 792         39.60000000          5.20389024          3.40061637
 793         39.65000000          5.17287698          3.50940302
 794         39.70000000          5.14238619          3.62194188
 795         39.75000000          5.11242236          3.73836570
 796         39.80000000          5.08299024          3.85881190
 797         39.85000000          5.05409490          3.98342268
 798         39.90000000          5.02574170          4.11234521
 799         39.95000000          4.99793632          4.24573178
 800         40.00000000          4.97068476          4.38373997
 801         40.05000000          4.94399340          4.52653279
 802         40.10000000          4.91786894          4.67427890
 803         40.15000000          4.89231849          4.82715272
 804         40.20000000          4.86734952          4.98533467
 805         40.25000000          4.84296994          5.14901132
 806         40.30000000          4.81918809          5.31837556
 807         40.35000000          4.79601273          5.49362683
 808         40.40000000          4.77345313          5.67497127
 809         40.45000000          4.75151903          5.86262196
 810         40.50000000          4.73022070          6.05679905
 811         40.55000000          4.70956893          6.25773001
 812         40.60000000          4.68957511          6.46564984
 813         40.65000000          4.67025119          6.68080120
 814         40.70000000          4.65160980          6.90343471
 815         40.75000000          4.63366417          7.13380906
 816         40.80000000          4.61642826          7.37219128
 817         40.85000000          4.59991675          7.61885690
 818         40.90000000          4.58414508          7.87409019
 819         40.95000000          4.56912950          8.13818432
 820         41.00000000          4.55488712          8.41144157
 821         41.05000000          4.54143592          8.69417353
 822         41.10000000          4.52879485          8.98670126
 823         41.15000000          4.51698385          9.28935550
 824         41.20000000          4.50602390          9.60247682
 825         41.25000000          4.49593710          9.92641580
 826         41.30000000          4.48674673         10.26153316
 827         41.35000000          4.47847730         10.60819990
 828         41.40000000          4.47115463         10.96679744
 829         41.45000000          4.46480594         11.33771771
 830         41.50000000          4.45945992         11.72136323
 831         41.55000000          4.45514681         12.11814720
 832         41.60000000          4.45189851         12.52849352
 833         41.65000000          4.44974867         12.95283677
 834         41.70000000          4.44873280         13.39162226
 835         41.75000000          4.44888839         13.84530588
 836         41.80000000          4.45025501         14.31435410
 837         41.85000000          4.45287449         14.79924372
 838         41.90000000          4.45679100         15.30046175
 839         41.95000000          4.46205125         15.81850512
 840         42.00000000          4.46870462         16.35388040
 841         42.05000000          4.47680338         16.90710337
 842         42.10000000          4.48640282         17.47869858
 843         42.15000000          4.49756149         18.06919881
 844         42.20000000          4.51034140         18.67914442
 845         42.25000000          4.52480826         19.30908262
 846         42.30000000          4.54103173         19.95956660
 847         42.35000000          4.55908569         20.63115454
 848         42.40000000          4.57904853         21.32440849
 849         42.45000000          4.60100344         22.03989311
 850         42.50000000          4.62503879         22.77817424
 851         42.55000000          4.65124844         23.53981724
 852         42.60000000          4.67973218         24.32538517
 853         42.65000000          4.71059609         25.13543678
 854         42.70000000          4.74395306         25.97052421
 855         42.75000000          4.77992320         26.83119043
 856         42.80000000          4.81863443         27.71796643
 857         42.85000000          4.86022300         28.63136805
 858         42.90000000          4.90483412         29.57189252
 859         42.95000000          4.95262258         30.54001462
 860         43.00000000          5.00375350         31.53618236
 861         43.05000000          5.05840305         32.56081236
 862         43.10000000          5.11675925         33.61428464
 863         43.15000000          5.17902290         34.69693694
 864         43.20000000          5.24540845         35.80905853
 865         43.25000000          5.31614507         36.95088331
 866         43.30000000          5.39147766         38.12258242
 867         43.35000000          5.47166807         39.32425600
 868         43.40000000          5.55699629         40.55592433
 869         43.45000000          5.64776179         41.81751813
 870         43.50000000          5.74428493         43.10886799
 871         43.55000000          5.84690842         44.42969300
 872         43.60000000          5.95599896         45.77958832
 873         43.65000000          6.07194888         47.15801184
 874         43.70000000          6.19517791         48.56426978
 875         43.75000000          6.32613506         49.99750119
 876         43.80000000          6.46530055         51.45666138
 877         43.85000000          6.61318781         52.94050419
 878         43.90000000          6.77034561         54.44756314
 879         43.95000000          6.93736013         55.97613143
 880         44.00000000          7.11485720         57.52424089
 881         44.05000000          7.30350440         59.08963983
 882         44.10000000          7.50401323         60.66977001
 883         44.15000000          7.71714118         62.26174277
 884         44.20000000          7.94369364         63.86231455
 885         44.25000000          8.18452569         65.46786205
 886         44.30000000          8.44054353         67.07435734
 887         44.35000000          8.71270560         68.67734334
 888         44.40000000          9.00202324         70.27191010
 889         44.45000000          9.30956067         71.85267264
 890         44.50000000          9.63643428         73.41375087
 891         44.55000000          9.98381087         74.94875270
 892         44.60000000         10.35290489         76.45076114
 893         44.65000000         10.74497413         77.91232674
 894         44.70000000         11.16131389         79.32546661
 895         44.75000000         11.60324924         80.68167152
 896         44.80000000         12.07212497         81.97192288
 897         44.85000000         12.56929315         83.18672117
 898         44.90000000         13.09609778         84.31612791
 899         44.95000000         13.65385635         85.34982303
 900         45.00000000         14.24383803         86.27717951
 901         45.05000000         14.86723823         87.08735716
 902         45.10000000         15.52514942         87.76941701
 903         45.15000000         16.21852821         88.31245750
 904         45.20000000         16.94815883         88.70577288
 905         45.25000000         17.71461328         88.93903383
 906         45.30000000         18.51820873         89.00248888
 907         45.35000000         19.35896306         88.88718422
 908         45.40000000         20.23654958         88.58519822
 909         45.45000000         21.15025244         88.08988525
 910         45.50000000         22.09892441         87.39612181
 911         45.55000000         23.08094918         86.50054657
 912         45.60000000         24.09421042         85.40178436
 913         45.65000000         25.13606988         84.10064325
 914         45.70000000         26.20335710         82.60027308
 915         45.75000000         27.29237292         80.90627424
 916         45.80000000         28.39890846         79.02674606
 917         45.85000000         29.51828119         76.97226632
 918         45.90000000         30.64538834         74.75579580
 919         45.95000000         31.77477747         72.39250563
 920         46.00000000         32.90073270         69.89952899
 921         46.05000000         34.01737427         67.29564349
 922         46.10000000         35.11876794         64.60089472
 923         46.15000000         36.19904009         61.83617541
 924         46.20000000         37.25249388         59.02277782
 925         46.25000000         38.27372134         56.18193865
 926         46.30000000         39.25770668         53.33439623
 927         46.35000000         40.19991668         50.49997885
 928         46.40000000         41.09637431         47.69724054
 929         46.45000000         41.94371351         44.94315724
 930         46.50000000         42.73921355         42.25289204
 931         46.55000000         43.48081306         39.63963374
 932         46.60000000         44.16710466         37.11450850
 933         46.65000000         44.79731205         34.68656043
 934         46.70000000         45.37125236         32.36279397
 935         46.75000000         45.88928664         30.14826846
 936         46.80000000         46.35226186         28.04623421
 937         46.85000000         46.76144760         26.05829877
 938         46.90000000         47.11847029         24.18461278
 939         46.95000000         47.42524770         22.42406546
 940         47.00000000         47.68392583         20.77448126
 941         47.05000000         47.89681972         19.23281086
 942         47.10000000         48.06635945         17.79531116
 943         47.15000000         48.19504207         16.45771061
 944         47.20000000         48.28538976         15.21535745
 945         47.25000000         48.33991432         14.06334987
 946         47.30000000         48.36108768         12.99664779
 947         47.35000000         48.35131820         12.01016689
 948         47.40000000         48.31293209         11.09885589
 949         47.45000000         48.24815960         10.25775873
 950         47.50000000         48.15912511          9.48206292
 951         47.55000000         48.04784082          8.76713612
 952         47.60000000         47.91620327          8.10855234
 953         47.65000000         47.76599227          7.50210959
 954         47.70000000         47.59887176          6.94384025
 955         47.75000000         47.41639216          6.43001566
 956         47.80000000         47.21999391          5.95714600
 957         47.85000000         47.01101180          5.52197658
 958         47.90000000         46.79067993          5.12148126
 959         47.95000000         46.56013704          4.75285394
 960         48.00000000         46.32043206          4.41349854
 961         48.05000000         46.07252970          4.10101808
 962         48.10000000         45.81731603          3.81320320
 963         48.15000000         45.55560394          3.54802050
 964         48.20000000         45.28813844          3.30360088
 965         48.25000000         45.01560170          3.07822809
 966         48.30000000         44.73861786          2.87032763
 967         48.35000000         44.45775761          2.67845614
 968         48.40000000         44.17354244          2.50129128
 969         48.45000000         43.88644864          2.33762215
 970         48.50000000         43.59691101          2.18634031
 971         48.55000000         43.30532633          2.04643141
 972         48.60000000         43.01205655          1.91696738
 973         48.65000000         42.71743172          1.79709914
 974         48.70000000         42.42175274          1.68604995
 975         48.75000000         42.12529384          1.58310921
 976         48.80000000         41.82830485          1.48762677
 977         48.85000000         41.53101336          1.39900771
 978         48.90000000         41.23362657          1.31670754
 979         48.95000000         40.93633314          1.24022781
 980         49.00000000         40.63930470          1.16911212
 981         49.05000000         40.34269741          1.10294240
 982         49.10000000         40.04665323          1.04133563
 983         49.15000000         39.75130121          0.98394072
 984         49.20000000         39.45675855          0.93043574
 985         49.25000000         39.16313167          0.88052540
 986         49.30000000         38.87051710          0.83393872
 987         49.35000000         38.57900234          0.79042689
 988         49.40000000         38.28866665          0.74976139
 989         49.45000000         37.99958173          0.71173225
 990         49.50000000         37.71181240          0.67614638
 991         49.55000000         37.42541712          0.64282620
 992         49.60000000         37.14044861          0.61160828
 993         49.65000000         36.85695426          0.58234214
 994         49.70000000         36.57497664          0.55488914
 995         49.75000000         36.29455386          0.52912151
 996         49.80000000         36.01571997          0.50492141
 997         49.85000000         35.73850527          0.48218010
 998         49.90000000         35.46293667          0.46079721
 999         49.95000000         35.18903791          0.44068003
1000         50.00000000         34.91682987          0.42174287
